week,headOutcome,scoreOutcome,ht1pOutcome,ht2pOutcome,ggOutcome,totHtScore,totFtScore,t1,t1Points,t1Classification,t1Form,t1Form1Diff,t1Form2Diff,t1Form3Diff,t1Form4Diff,t1Atack,t1AtackIn,t1AtackOut,t1Defense,t1DefenseIn,t1DefenseOut,t1AvgHtScoreIn,t1AvgHtScoreOut,t1AvgFtScoreIn,t1AvgFtScoreOut,t1AvgHtGgResult,t1AvgFtGgResult,t1WinsIn,t1WinsOut,t1DrawsIn,t1DrawsOut,t1LosesIn,t1LosesOut,t2,t2Points,t2Classification,t2Form,t2Form1Diff,t2Form2Diff,t2Form3Diff,t2Form4Diff,t2Atack,t2AtackIn,t2AtackOut,t2Defense,t2DefenseIn,t2DefenseOut,t2AvgHtScoreIn,t2AvgHtScoreOut,t2AvgFtScoreIn,t2AvgFtScoreOut,t2AvgHtGgResult,t2AvgFtGgResult,t2WinsIn,t2WinsOut,t2DrawsIn,t2DrawsOut,t2LosesIn,t2LosesOut,bet_1,bet_X,bet_2,bet_O,bet_U
4,X,U,Y,Y,Y,2,2,UCD,6,BOTTOM_TABLE,2.2333336,3.0,-1.5,2.3333335,-1.6,2.1166668,0.9166667,1.2,-1.8833333,-1.0833334,-0.8,1.0,1.0,3.0,3.0,0.0,0.0,1,1,0,0,1,1,Athlone Town,1,BOTTOM_TABLE,-2.3333333,-2.0,1.0,-1.3333333,0.0,0.8333334,0.0,0.8333334,-2.1666667,-1.0,-1.1666667,2.0,2.0,5.0,3.0,0.0,0.0,0,0,0,1,1,1,1.4066666,4.35,7.35,1.88,1.93
5,1,O,Y,N,N,1,4,Drogheda United,5,MIDLE_UP,2.3333335,-2.0,1.0,1.0,2.3333335,1.6666667,1.1666667,0.5,-2.3333335,-0.8333334,-1.5,1.0,1.0,3.0,2.0,0.0,0.0,1,0,1,1,0,1,Cabinteely,4,MIDLE_DOWN,2.3841858E-7,-2.0,1.0,-1.3333333,2.3333335,1.5,0.6666667,0.8333334,-2.5,-1.3333334,-1.1666667,1.0,1.0,2.0,2.0,0.0,0.0,1,0,0,1,1,1,1.5374999,4.025,6.3250003,1.8075001,2.0575
5,1,O,Y,N,Y,1,6,Limerick,12,TOP_TABLE,10.742857,3.0,2.7142859,2.4285712,2.6,3.3714287,1.6571429,1.7142857,-0.62857145,-0.34285715,-0.2857143,1.0,2.0,6.0,6.0,0.0,0.0,2,2,0,0,0,0,Shelbourne,4,MIDLE_UP,2.0,3.0,1.0,-2.0,0.0,1.5,1.5,0.0,-1.5,-1.5,0.0,1.0,0.0,2.0,0.0,0.0,0.0,1,0,1,0,1,0,1.26,5.6875,11.4,1.4000001,3.0349998
5,2,O,Y,Y,Y,2,3,Shelbourne,4,MIDLE_UP,-0.3333335,-2.3333335,3.0,1.0,-2.0,1.6666666,1.5,0.16666667,-2.3333333,-1.5,-0.8333333,1.0,1.0,2.0,6.0,0.0,0.0,1,0,1,0,1,1,UCD,7,TOP_TABLE,-1.7666664,-4.0,3.0,-1.5,2.3333335,2.6166668,1.4166667,1.2,-2.3833332,-1.5833334,-0.8,1.0,1.0,3.0,3.0,0.0,0.0,1,1,1,0,1,1,2.2666667,3.25,3.1000001,1.9233333,1.91
5,2,O,Y,N,N,1,3,Drogheda United,8,MIDLE_UP,5.533334,3.2000003,-2.0,1.0,1.0,2.6666667,2.1666667,0.5,-2.3333335,-0.8333334,-1.5,1.0,1.0,3.0,2.0,0.0,0.0,2,0,1,1,0,1,Limerick,15,TOP_TABLE,14.07619,3.333333,3.0,2.7142859,2.4285712,4.204762,2.4904761,1.7142857,-0.79523814,-0.5095238,-0.2857143,1.0,2.0,6.0,6.0,0.0,0.0,3,2,0,0,0,0,8.5375,5.5875,1.3074999,1.415,2.9850001
6,2,O,Y,N,Y,1,3,Cabinteely,4,MIDLE_DOWN,-2.1999998,-2.2,-2.0,1.0,-1.3333333,1.5,0.6666667,0.8333334,-3.5,-1.3333334,-2.1666667,1.0,1.0,2.0,3.0,0.0,0.0,1,0,0,1,1,2,Cobh Ramblers,4,BOTTOM_TABLE,0.28571415,-2.0,-1.7142859,1.0,3.0,1.6428572,0.5,1.1428572,-2.357143,-1.5,-0.85714287,1.0,0.0,2.0,4.0,0.0,0.0,0,1,1,0,1,1,3.475,3.3000002,2.125,2.0875,1.7774999
6,X,O,Y,Y,Y,4,6,Athlone Town,2,BOTTOM_TABLE,3.6666667,6.0,-2.0,1.0,-1.3333333,1.3333334,0.0,1.3333334,-2.6666667,-1.0,-1.6666667,2.0,2.0,5.0,3.0,0.0,0.0,0,0,0,2,1,1,Waterford United,6,MIDLE_UP,2.7380953,3.0,2.5,-1.4285715,-1.3333333,2.3690476,0.2857143,2.0833335,-1.6309524,-0.71428573,-0.9166667,3.0,1.0,7.0,3.0,0.0,0.0,0,2,0,0,1,1,2.8675,3.1750002,2.5075002,2.0925,1.775
6,2,O,Y,Y,Y,3,3,Waterford United,7,MIDLE_UP,1.7380953,-1.0,3.0,2.5,-1.4285715,2.8690476,0.2857143,2.5833335,-2.1309524,-0.71428573,-1.4166667,3.0,1.0,7.0,3.0,0.0,0.0,0,2,0,1,1,1,Cobh Ramblers,7,BOTTOM_TABLE,2.6190476,2.3333335,-2.0,-1.7142859,1.0,2.3095238,0.5,1.8095238,-2.6904762,-1.5,-1.1904762,1.0,0.0,2.0,3.0,0.0,0.0,0,2,1,0,1,1,1.7950001,3.6749997,4.2825003,1.8549999,2.0025
6,2,O,Y,N,Y,1,4,Athlone Town,3,BOTTOM_TABLE,6.666667,3.0000002,6.0,-2.0,1.0,1.8333334,0.5,1.3333334,-3.1666667,-1.5,-1.6666667,3.0,2.0,5.0,3.0,0.0,0.0,0,0,1,2,1,1,Shelbourne,4,MIDLE_UP,-2.0952382,-1.7619047,-2.3333335,3.0,1.0,2.0,1.8333334,0.16666667,-3.0,-2.1666667,-0.8333333,1.0,1.0,2.0,6.0,0.0,0.0,1,0,1,0,2,1,3.2125,3.3249998,2.2225,2.025,1.83
7,2,O,Y,Y,Y,2,5,Waterford United,7,MIDLE_UP,0.40476203,-1.3333333,-1.0,3.0,2.5,3.202381,0.61904764,2.5833335,-2.797619,-1.3809524,-1.4166667,3.0,1.0,5.0,3.0,0.0,0.0,0,2,0,1,2,1,Shelbourne,7,MIDLE_DOWN,0.6547618,2.75,-1.7619047,-2.3333335,3.0,2.75,1.8333334,0.9166667,-3.25,-2.1666667,-1.0833333,1.0,1.0,2.0,5.0,0.0,0.0,1,1,1,0,2,1,2.8325,3.3000002,2.4724998,2.0375001,1.8175
7,X,O,Y,Y,Y,4,4,UCD,10,TOP_TABLE,0.99523854,2.761905,-4.0,3.0,-1.5,3.2833335,1.4166667,1.8666668,-2.7166665,-1.5833334,-1.1333333,1.0,1.0,3.0,3.0,0.0,0.0,1,2,1,0,1,1,Drogheda United,8,MIDLE_UP,3.066667,-2.4666667,3.2000003,-2.0,1.0,2.6666667,2.1666667,0.5,-3.3333335,-1.8333334,-1.5,1.0,1.0,3.0,2.0,0.0,0.0,2,0,1,1,1,1,2.1666667,3.4000003,3.1166668,1.8666667,1.9699999
7,1,O,Y,N,N,1,3,Limerick,18,TOP_TABLE,17.542856,3.4666662,3.333333,3.0,2.7142859,5.204762,2.4904761,2.7142859,-0.79523814,-0.5095238,-0.2857143,1.0,2.0,6.0,5.0,0.0,0.0,3,3,0,0,0,0,Cabinteely,4,BOTTOM_TABLE,-3.533333,-1.3333333,-2.2,-2.0,1.0,1.8333334,1.0,0.8333334,-4.1666665,-2.0,-2.1666667,1.0,1.0,2.0,3.0,0.0,0.0,1,0,0,1,2,2,1.04,13.75,34.0625,1.185,4.5
7,X,O,N,N,Y,0,4,Cobh Ramblers,10,TOP_TABLE,4.952381,2.3333335,2.3333335,-2.0,-1.7142859,2.9761906,0.5,2.4761906,-3.0238094,-1.5,-1.5238096,1.0,1.0,2.0,3.0,0.0,0.0,0,3,1,0,1,1,Athlone Town,3,BOTTOM_TABLE,4.916667,-1.75,3.0000002,6.0,-2.0,2.0833335,0.75,1.3333334,-3.9166667,-2.25,-1.6666667,2.0,2.0,5.0,3.0,0.0,0.0,0,0,1,2,2,1,2.03,3.4833333,3.4333334,1.9499999,1.8833333
8,2,O,Y,Y,Y,2,3,Waterford United,7,MIDLE_DOWN,-1.195238,-1.6,-1.3333333,-1.0,3.0,3.402381,0.81904763,2.5833335,-3.597619,-2.1809523,-1.4166667,2.0,1.0,5.0,3.0,0.0,0.0,0,2,0,1,3,1,Drogheda United,9,MIDLE_UP,4.316667,1.25,-2.4666667,3.2000003,-2.0,3.1666667,2.1666667,1.0,-3.8333335,-1.8333334,-2.0,1.0,2.0,3.0,3.0,0.0,0.0,2,0,1,2,1,1,3.4333334,3.5333335,2.0,1.7966666,2.0466664
8,2,O,Y,Y,Y,2,3,UCD,11,TOP_TABLE,1.7452385,0.75,2.761905,-4.0,3.0,3.7833335,1.9166667,1.8666668,-3.2166665,-2.0833335,-1.1333333,2.0,1.0,3.0,3.0,0.0,0.0,1,2,2,0,1,1,Limerick,21,TOP_TABLE,21.320633,3.7777767,3.4666662,3.333333,3.0,6.204762,3.4904761,2.7142859,-0.79523814,-0.5095238,-0.2857143,1.0,2.0,5.0,5.0,0.0,0.0,4,3,0,0,0,0,6.366667,4.766667,1.4166666,1.48,2.6
8,1,O,Y,Y,Y,2,4,Athlone Town,4,BOTTOM_TABLE,8.25,3.333333,-1.75,3.0000002,6.0,2.5833335,0.75,1.8333334,-4.416667,-2.25,-2.1666667,2.0,1.0,5.0,3.0,0.0,0.0,0,0,1,3,2,1,Cabinteely,4,BOTTOM_TABLE,-6.3111105,-2.7777774,-1.3333333,-2.2,-2.0,1.8333334,1.0,0.8333334,-5.1666665,-2.0,-3.1666667,1.0,1.0,2.0,3.0,0.0,0.0,1,0,0,1,2,3,1.85,3.5333335,4.0433335,1.91,1.9266666
8,1,U,N,N,N,0,1,Cobh Ramblers,11,TOP_TABLE,3.6190479,-1.3333333,2.3333335,2.3333335,-2.0,3.4761906,1.0,2.4761906,-3.5238094,-2.0,-1.5238096,0.0,1.0,2.0,3.0,0.0,0.0,0,3,2,0,1,1,Shelbourne,10,MIDLE_UP,3.2547617,2.6,2.75,-1.7619047,-2.3333335,3.55,1.8333334,1.7166667,-3.45,-2.1666667,-1.2833333,1.0,1.0,2.0,5.0,0.0,0.0,1,2,1,0,2,1,3.3166666,3.45,2.0666666,1.9133333,1.9200001
9,1,O,Y,Y,Y,3,3,Shelbourne,10,MIDLE_UP,1.1638527,-2.090909,2.6,2.75,-1.7619047,3.55,1.8333334,1.7166667,-4.45,-2.1666667,-2.2833333,1.0,1.0,2.0,4.0,0.0,0.0,1,2,1,0,2,2,Athlone Town,7,BOTTOM_TABLE,10.75,2.5,3.333333,-1.75,3.0000002,3.3333335,1.5,1.8333334,-4.666667,-2.5,-2.1666667,2.0,1.0,4.0,3.0,0.0,0.0,1,0,1,3,2,1,1.71,3.8500001,4.3999996,1.7,2.1
9,1,U,Y,N,N,1,1,Drogheda United,12,TOP_TABLE,6.872223,2.5555558,1.25,-2.4666667,3.2000003,3.8333335,2.1666667,1.6666667,-4.166667,-1.8333334,-2.3333333,1.0,2.0,3.0,3.0,0.0,0.0,2,1,1,2,1,1,Cobh Ramblers,14,TOP_TABLE,6.709957,3.0909092,-1.3333333,2.3333335,2.3333335,4.4761906,2.0,2.4761906,-3.5238094,-2.0,-1.5238096,0.0,1.0,2.0,3.0,0.0,0.0,1,3,2,0,1,1,1.7925,3.7124999,4.3075,1.2525,1.6325
9,1,O,Y,Y,Y,4,9,Limerick,24,TOP_TABLE,24.130157,2.8095245,3.7777767,3.4666662,3.333333,6.8714285,3.4904761,3.3809526,-1.1285715,-0.5095238,-0.61904764,1.0,2.0,5.0,4.0,0.0,0.0,4,4,0,0,0,0,Waterford United,7,MIDLE_DOWN,-2.7507935,-1.5555555,-1.6,-1.3333333,-1.0,3.7357142,1.152381,2.5833335,-4.2642856,-2.847619,-1.4166667,2.0,1.0,4.0,3.0,0.0,0.0,0,2,0,1,4,1,1.0725,11.75,22.375,1.215,4.3450003
9,X,U,N,N,N,0,0,Cabinteely,4,BOTTOM_TABLE,-7.8111105,-1.5,-2.7777774,-1.3333333,-2.2,2.0833335,1.0,1.0833334,-5.9166665,-2.0,-3.9166667,1.0,1.0,2.0,3.0,0.0,0.0,1,0,0,1,2,4,UCD,11,MIDLE_UP,-0.06428528,-1.8095238,0.75,2.761905,-4.0,4.116667,2.25,1.8666668,-3.8833332,-2.7500002,-1.1333333,2.0,1.0,3.0,3.0,0.0,0.0,1,2,2,0,2,1,5.7000003,4.1,1.5233332,1.73,2.08
10,1,O,Y,Y,Y,2,4,Waterford United,7,BOTTOM_TABLE,-5.0146823,-2.2638888,-1.5555555,-1.6,-1.3333333,3.9579365,1.152381,2.8055558,-5.042063,-2.847619,-2.1944447,2.0,2.0,4.0,4.0,0.0,0.0,0,2,0,1,4,2,UCD,12,MIDLE_UP,-0.8142853,-0.75,-1.8095238,0.75,2.761905,4.116667,2.25,1.8666668,-3.8833332,-2.7500002,-1.1333333,2.0,1.0,3.0,2.0,0.0,0.0,1,2,2,1,2,1,3.8933334,3.7833335,1.8366667,1.6,2.3
10,2,O,Y,Y,Y,2,3,Athlone Town,7,MIDLE_DOWN,9.116667,-1.6333332,2.5,3.333333,-1.75,3.6666667,1.5,2.1666667,-5.3333335,-2.5,-2.8333335,2.0,1.0,4.0,3.0,0.0,0.0,1,0,1,3,2,2,Drogheda United,15,TOP_TABLE,10.03889,3.166667,2.5555558,1.25,-2.4666667,4.8333335,3.1666667,1.6666667,-4.166667,-1.8333334,-2.3333333,1.0,2.0,3.0,3.0,0.0,0.0,3,1,1,2,1,1,4.11,3.7,1.7833333,1.4533334,1.7733334
10,2,O,Y,Y,N,2,4,Cabinteely,5,BOTTOM_TABLE,-5.0611105,2.75,-1.5,-2.7777774,-1.3333333,2.0833335,1.0,1.0833334,-5.9166665,-2.0,-3.9166667,1.0,1.0,2.0,3.0,0.0,0.0,1,0,1,1,2,4,Shelbourne,13,MIDLE_UP,3.7971861,2.6333334,-2.090909,2.6,2.75,4.2166667,2.5,1.7166667,-4.7833333,-2.5,-2.2833333,1.0,1.0,2.0,4.0,0.0,0.0,2,2,1,0,2,2,5.6499996,4.0375004,1.57,1.8825,1.9725
10,2,O,Y,N,N,1,3,Cobh Ramblers,14,TOP_TABLE,4.5432906,-2.1666665,3.0909092,-1.3333333,2.3333335,4.4761906,2.0,2.4761906,-4.5238094,-2.0,-2.5238094,0.0,1.0,2.0,3.0,0.0,0.0,1,3,2,0,1,2,Limerick,27,TOP_TABLE,27.394047,3.2638893,2.8095245,3.7777767,3.4666662,7.649206,4.268254,3.3809526,-1.3507937,-0.731746,-0.61904764,1.0,2.0,6.0,4.0,0.0,0.0,5,4,0,0,0,0,13.0,6.6375,1.2,1.43,2.8125
11,1,O,N,N,N,0,3,Limerick,30,TOP_TABLE,30.875528,3.4814816,3.2638893,2.8095245,3.7777767,8.649206,4.268254,4.380953,-1.3507937,-0.731746,-0.61904764,1.0,1.0,6.0,4.0,0.0,0.0,5,5,0,0,0,0,Athlone Town,7,BOTTOM_TABLE,7.25,-1.8666668,-1.6333332,2.5,3.333333,4.0,1.8333334,2.1666667,-6.0,-3.1666667,-2.8333335,2.0,1.0,4.0,3.0,0.0,0.0,1,0,1,3,3,2,1.0625,11.625,26.75,1.24,4.0
11,1,O,Y,Y,Y,4,4,Waterford United,10,MIDLE_DOWN,-1.8003964,3.2142859,-2.2638888,-1.5555555,-1.6,4.7079363,1.902381,2.8055558,-5.292063,-3.097619,-2.1944447,2.0,2.0,4.0,4.0,0.0,0.0,1,2,0,1,4,2,Cabinteely,5,BOTTOM_TABLE,-7.676495,-2.6153846,2.75,-1.5,-2.7777774,2.0833335,1.0,1.0833334,-6.9166665,-3.0,-3.9166667,1.0,1.0,2.0,3.0,0.0,0.0,1,0,1,1,3,4,1.5525,4.1225,5.6625,1.765,2.105
11,1,O,N,N,Y,0,4,UCD,12,MIDLE_UP,-3.0285711,-2.2142859,-0.75,-1.8095238,0.75,4.366667,2.25,2.1166668,-4.633333,-2.7500002,-1.8833333,2.0,1.0,3.0,2.0,0.0,0.0,1,2,2,1,2,2,Cobh Ramblers,14,MIDLE_UP,2.061809,-2.4814816,-2.1666665,3.0909092,-1.3333333,4.4761906,2.0,2.4761906,-5.5238094,-3.0,-2.5238094,0.0,1.0,2.0,3.0,0.0,0.0,1,3,2,0,2,2,2.0533333,3.55,3.2833335,1.6833334,2.1900003
11,1,U,N,N,N,0,1,Drogheda United,18,TOP_TABLE,12.905557,2.8666668,3.166667,2.5555558,1.25,5.5,3.1666667,2.3333335,-4.5000005,-1.8333334,-2.6666665,1.0,2.0,3.0,3.0,0.0,0.0,3,2,1,2,1,1,Shelbourne,16,TOP_TABLE,7.412571,3.6153848,2.6333334,-2.090909,2.6,5.2166667,2.5,2.7166667,-4.7833333,-2.5,-2.2833333,1.0,1.0,2.0,4.0,0.0,0.0,2,3,1,0,2,2,2.05,3.5,3.3,1.75,2.05
12,2,O,Y,Y,Y,2,7,Shelbourne,16,TOP_TABLE,5.30146,-2.1111112,3.6153848,2.6333334,-2.090909,5.2166667,2.5,2.7166667,-5.7833333,-2.5,-3.2833333,1.0,1.0,2.0,3.0,0.0,0.0,2,3,1,0,2,3,Limerick,33,TOP_TABLE,34.642197,3.7666683,3.4814816,3.2638893,2.8095245,9.649206,5.268254,4.380953,-1.3507937,-0.731746,-0.61904764,1.0,1.0,5.0,4.0,0.0,0.0,6,5,0,0,0,0,9.785,5.7075,1.2774999,1.45,2.67
12,1,O,Y,N,N,1,4,Cobh Ramblers,14,MIDLE_UP,0.39514244,-1.6666666,-2.4814816,-2.1666665,3.0909092,4.7261906,2.0,2.7261906,-6.2738094,-3.0,-3.2738094,0.0,1.0,2.0,3.0,0.0,0.0,1,3,2,0,2,3,Waterford United,13,MIDLE_DOWN,1.1996036,3.0,3.2142859,-2.2638888,-1.5555555,5.4579363,2.652381,2.8055558,-5.542063,-3.347619,-2.1944447,2.0,2.0,4.0,4.0,0.0,0.0,2,2,0,1,4,2,2.4475002,3.44,2.7825,1.56,1.8199999
12,X,U,N,N,N,0,0,Cabinteely,5,BOTTOM_TABLE,-9.676495,-1.9999995,-2.6153846,2.75,-1.5,2.3333335,1.0,1.3333334,-7.6666665,-3.0,-4.666667,1.0,1.0,2.0,3.0,0.0,0.0,1,0,1,1,3,5,Drogheda United,21,TOP_TABLE,16.016668,3.1111116,2.8666668,3.166667,2.5555558,6.5,4.166667,2.3333335,-4.5000005,-1.8333334,-2.6666665,1.0,2.0,2.0,3.0,0.0,0.0,4,2,1,2,1,1,8.2875,4.6,1.395,1.5466666,1.6733333
12,2,O,Y,Y,Y,3,3,Athlone Town,7,BOTTOM_TABLE,4.4833336,-2.7666664,-1.8666668,-1.6333332,2.5,4.0,1.8333334,2.1666667,-7.0,-3.1666667,-3.8333335,2.0,1.0,4.0,3.0,0.0,0.0,1,0,1,3,3,3,UCD,15,MIDLE_UP,-0.36190438,2.6666667,-2.2142859,-0.75,-1.8095238,5.116667,3.0,2.1166668,-4.883333,-3.0000002,-1.8833333,1.0,1.0,3.0,2.0,0.0,0.0,2,2,2,1,2,2,4.7925,3.8675,1.6875,1.725,2.115
13,1,U,Y,N,N,1,2,UCD,18,TOP_TABLE,2.5047624,2.8666668,2.6666667,-2.2142859,-0.75,5.7833333,3.0,2.7833335,-5.2166667,-3.0000002,-2.2166667,1.0,1.0,3.0,2.0,0.0,0.0,2,3,2,1,2,2,Shelbourne,16,MIDLE_UP,3.6434512,-1.6580086,-2.1111112,3.6153848,2.6333334,5.645238,2.9285715,2.7166667,-6.354762,-3.0714285,-3.2833333,1.0,1.0,3.0,3.0,0.0,0.0,2,3,1,0,3,3,2.6374998,3.4375002,2.56,1.8366666,2.0233333
13,X,O,N,N,Y,0,4,Limerick,36,TOP_TABLE,37.300205,2.6580086,3.7666683,3.4814816,3.2638893,10.220634,5.268254,4.9523816,-1.7793652,-0.731746,-1.0476191,1.0,1.0,5.0,4.0,0.0,0.0,6,6,0,0,0,0,Drogheda United,22,TOP_TABLE,13.8166685,-2.1999998,3.1111116,2.8666668,3.166667,6.5,4.166667,2.3333335,-4.5000005,-1.8333334,-2.6666665,1.0,1.0,2.0,2.0,0.0,0.0,4,2,1,3,1,1,1.1975,6.8875003,12.25,1.35,3.1
13,1,U,Y,Y,N,2,2,Cobh Ramblers,17,MIDLE_UP,3.4665709,3.0714283,-1.6666666,-2.4814816,-2.1666665,5.7261906,3.0,2.7261906,-6.2738094,-3.0,-3.2738094,0.0,1.0,2.0,3.0,0.0,0.0,2,3,2,0,2,3,Cabinteely,6,BOTTOM_TABLE,-5.476495,4.2,-1.9999995,-2.6153846,2.75,2.3333335,1.0,1.3333334,-7.6666665,-3.0,-4.666667,1.0,1.0,2.0,3.0,0.0,0.0,1,0,2,1,3,5,1.425,4.42,7.5775,1.79,2.0633333
