week,headOutcome,scoreOutcome,ht1pOutcome,ht2pOutcome,ggOutcome,totHtScore,totFtScore,t1,t1Points,t1Classification,t1Form,t1Form1Diff,t1Form2Diff,t1Form3Diff,t1Form4Diff,t1Atack,t1AtackIn,t1AtackOut,t1Defense,t1DefenseIn,t1DefenseOut,t1AvgHtScoreIn,t1AvgHtScoreOut,t1AvgFtScoreIn,t1AvgFtScoreOut,t1AvgHtGgResult,t1AvgFtGgResult,t1WinsIn,t1WinsOut,t1DrawsIn,t1DrawsOut,t1LosesIn,t1LosesOut,t2,t2Points,t2Classification,t2Form,t2Form1Diff,t2Form2Diff,t2Form3Diff,t2Form4Diff,t2Atack,t2AtackIn,t2AtackOut,t2Defense,t2DefenseIn,t2DefenseOut,t2AvgHtScoreIn,t2AvgHtScoreOut,t2AvgFtScoreIn,t2AvgFtScoreOut,t2AvgHtGgResult,t2AvgFtGgResult,t2WinsIn,t2WinsOut,t2DrawsIn,t2DrawsOut,t2LosesIn,t2LosesOut,bet_1,bet_X,bet_2,bet_O,bet_U
5,X,U,Y,Y,Y,2,2,Suwon Bluewings,5,MIDLE_UP,2.3333335,1.0,2.3333335,1.0,-2.0,1.6666667,1.1666667,0.5,-2.3333335,-0.8333334,-1.5,1.0,0.0,3.0,3.0,0.0,0.0,1,0,1,1,0,1,Pohang Steelers,5,MIDLE_UP,3.0,1.0,-2.0,3.0,1.0,2.0,1.0,1.0,-2.0,-1.0,-1.0,0.0,0.0,4.0,1.0,0.0,0.0,0,1,2,0,0,1,2.54,3.0625,2.9225,2.34,1.63
5,X,U,N,N,N,0,0,Seongnam,10,TOP_TABLE,9.2,2.1999998,3.0,1.0,3.0,3.1,2.0,1.1,-0.9,0.0,-0.9,0.0,1.0,1.0,3.0,0.0,0.0,2,1,0,1,0,0,Jeonnam Dragons,2,BOTTOM_TABLE,-0.6666665,-1.3333333,-1.3333333,1.0,1.0,1.1666667,0.33333334,0.8333334,-1.8333335,-0.6666667,-1.1666667,0.0,2.0,1.0,3.0,0.0,0.0,0,0,1,1,1,1,2.06,3.2,3.6000001,2.35,1.605
5,X,U,N,N,Y,0,2,Jeonbuk Motors,8,TOP_TABLE,7.3333335,1.0,2.3333335,1.0,3.0,2.1666667,1.6666667,0.5,-0.8333334,-0.33333334,-0.5,1.0,0.0,2.0,1.0,0.0,0.0,2,0,0,2,0,0,Incheon United,0,BOTTOM_TABLE,-6.2,-1.1999998,-1.5,-2.0,-1.5,0.9,0.4,0.5,-3.1,-1.6,-1.5,2.0,1.0,3.0,4.0,0.0,0.0,0,0,0,0,2,2,1.45,4.32,7.2124996,1.965,1.8875
5,2,O,Y,Y,Y,3,3,Gwangju,4,MIDLE_DOWN,0.66666675,-2.0,-1.3333333,3.0,1.0,1.8333334,1.0,0.8333334,-2.1666667,-1.0,-1.1666667,0.0,0.0,1.0,4.0,0.0,0.0,1,0,0,1,1,1,Seoul,9,TOP_TABLE,5.8333335,2.3333335,2.5,3.0,-2.0,2.4166667,1.75,0.6666667,-1.5833334,-0.25,-1.3333334,1.0,0.0,4.0,2.0,0.0,0.0,2,1,0,0,0,1,3.75,3.2166665,2.0066667,1.65,1.3
5,X,U,Y,N,Y,1,2,Suwon,6,TOP_TABLE,5.3333335,1.0,2.3333335,1.0,1.0,1.6666667,1.1666667,0.5,-1.3333334,-0.8333334,-0.5,0.0,0.0,2.0,1.0,0.0,0.0,1,0,1,2,0,0,Ulsan,7,TOP_TABLE,4.3333335,3.0,2.3333335,1.0,-2.0,1.6666667,0.6666667,1.0,-1.3333334,-0.33333334,-1.0,1.0,0.0,1.0,2.0,0.0,0.0,1,1,1,0,0,1,3.05,3.15,2.3,0.0,0.0
5,1,O,Y,Y,Y,2,6,Jeju United,4,MIDLE_DOWN,0.16666675,1.0,-1.3333333,-2.0,2.5,1.5833334,1.25,0.33333334,-2.4166667,-0.75,-1.6666667,0.0,1.0,4.0,2.0,0.0,0.0,1,0,1,0,0,2,Sangju Sangmu,4,MIDLE_DOWN,0.66666675,1.0,-1.3333333,-2.0,3.0,1.8333334,1.5,0.33333334,-2.1666667,-0.5,-1.6666667,0.0,1.0,2.0,3.0,0.0,0.0,1,0,1,0,0,2,2.03,3.475,3.35,1.865,1.985
6,1,O,Y,N,N,1,3,Seoul,12,TOP_TABLE,8.722222,2.8888888,2.3333335,2.5,3.0,3.0833335,1.75,1.3333334,-1.9166667,-0.25,-1.6666667,1.0,1.0,4.0,2.0,0.0,0.0,2,2,0,0,0,1,Suwon,7,TOP_TABLE,6.5,1.1666665,1.0,2.3333335,1.0,2.1666667,1.6666667,0.5,-1.8333334,-1.3333334,-0.5,0.0,0.0,2.0,1.0,0.0,0.0,1,0,2,2,0,0,1.4833332,4.1,6.5,1.84,1.9966666
6,X,U,Y,N,Y,1,2,Incheon United,1,BOTTOM_TABLE,-4.95,1.25,-1.1999998,-1.5,-2.0,1.4,0.4,1.0,-3.6,-1.6,-2.0,2.0,0.0,3.0,3.0,0.0,0.0,0,0,0,1,2,2,Suwon Bluewings,6,MIDLE_UP,3.3333335,1.0,1.0,2.3333335,1.0,2.1666667,1.6666667,0.5,-2.8333335,-1.3333334,-1.5,1.0,0.0,3.0,3.0,0.0,0.0,1,0,2,1,0,1,3.625,3.2624998,2.09,1.93,1.35
6,1,O,Y,N,Y,1,5,Jeonbuk Motors,9,TOP_TABLE,8.083334,0.7500005,1.0,2.3333335,1.0,2.6666667,2.1666667,0.5,-1.3333334,-0.8333334,-0.5,1.0,0.0,2.0,1.0,0.0,0.0,2,0,1,2,0,0,Seongnam,11,TOP_TABLE,6.2,-3.0,2.1999998,3.0,1.0,3.1,2.0,1.1,-0.9,0.0,-0.9,0.0,1.0,1.0,3.0,0.0,0.0,2,1,1,1,0,0,1.9,3.3333333,4.0333333,2.085,1.77
6,1,U,Y,Y,N,2,2,Sangju Sangmu,4,MIDLE_DOWN,-0.6666665,-1.3333333,1.0,-1.3333333,-2.0,2.1666667,1.5,0.6666667,-2.8333335,-0.5,-2.3333335,0.0,1.0,2.0,4.0,0.0,0.0,1,0,1,0,0,3,Pohang Steelers,6,MIDLE_DOWN,4.0,1.0,1.0,-2.0,3.0,2.5,1.0,1.5,-2.5,-1.0,-1.5,0.0,1.0,4.0,1.0,0.0,0.0,0,1,2,1,0,1,3.0466669,3.2,2.3,2.18,1.7
6,2,O,Y,Y,Y,2,3,Jeonnam Dragons,3,BOTTOM_TABLE,4.3333335,5.0,-1.3333333,-1.3333333,1.0,1.1666667,0.33333334,0.8333334,-1.8333335,-0.6666667,-1.1666667,0.0,1.0,1.0,2.0,0.0,0.0,0,0,1,2,1,1,Gwangju,4,MIDLE_DOWN,-1.2222221,-1.8888888,-2.0,-1.3333333,3.0,2.1666667,1.3333334,0.8333334,-2.8333335,-1.6666667,-1.1666667,1.0,0.0,2.0,4.0,0.0,0.0,1,0,0,1,2,1,2.4925,3.125,2.8999999,2.3166666,1.6433333
6,2,U,N,N,N,0,1,Ulsan,8,TOP_TABLE,5.166667,0.8333335,3.0,2.3333335,1.0,2.1666667,0.6666667,1.5,-1.8333334,-0.33333334,-1.5,1.0,0.0,1.0,2.0,0.0,0.0,1,1,1,1,0,1,Jeju United,7,TOP_TABLE,2.5000002,2.3333335,1.0,-1.3333333,-2.0,2.25,1.9166667,0.33333334,-2.75,-1.0833334,-1.6666667,1.0,1.0,4.0,2.0,0.0,0.0,2,0,1,0,0,2,2.2766666,3.0933332,3.1566668,2.145,1.72
7,X,O,Y,N,Y,1,4,Jeju United,10,TOP_TABLE,5.6428576,3.1428573,2.3333335,1.0,-1.3333333,3.25,1.9166667,1.3333334,-2.75,-1.0833334,-1.6666667,1.0,1.0,4.0,1.0,0.0,0.0,2,1,1,0,0,2,Seongnam,11,TOP_TABLE,4.7777777,-1.4222221,-3.0,2.1999998,3.0,3.5,2.0,1.5,-1.5,0.0,-1.5,0.0,1.0,1.0,4.0,0.0,0.0,2,1,1,1,0,1,2.27,3.2833335,3.0666666,2.1066666,1.7333332
7,X,U,N,N,N,0,0,Suwon,7,MIDLE_UP,4.0833335,-2.4166665,1.1666665,1.0,2.3333335,2.1666667,1.6666667,0.5,-2.8333335,-1.3333334,-1.5,0.0,0.0,2.0,1.0,0.0,0.0,1,0,2,2,0,1,Incheon United,2,BOTTOM_TABLE,1.0500002,6.0,1.25,-1.1999998,-1.5,1.9,0.9,1.0,-4.1,-2.1,-2.0,1.0,0.0,3.0,3.0,0.0,0.0,0,0,1,1,2,2,2.1233332,3.2333333,3.3999999,2.315,1.625
7,2,O,Y,Y,Y,2,3,Ulsan,8,TOP_TABLE,3.02381,-2.142857,0.8333335,3.0,2.3333335,2.1666667,0.6666667,1.5,-2.8333335,-1.3333334,-1.5,0.0,0.0,1.0,2.0,0.0,0.0,1,1,1,1,1,1,Seoul,15,TOP_TABLE,12.138889,3.416667,2.8888888,2.3333335,2.5,4.0833335,2.75,1.3333334,-1.9166667,-0.25,-1.6666667,1.0,1.0,3.0,2.0,0.0,0.0,3,2,0,0,0,1,3.3249998,3.1999998,2.2,2.25,1.63
7,X,O,Y,Y,Y,3,4,Sangju Sangmu,7,MIDLE_DOWN,2.8333335,3.5,-1.3333333,1.0,-1.3333333,3.1666667,2.5,0.6666667,-2.8333335,-0.5,-2.3333335,1.0,1.0,2.0,4.0,0.0,0.0,2,0,1,0,0,3,Jeonbuk Motors,12,TOP_TABLE,10.505556,2.4222221,0.7500005,1.0,2.3333335,3.266667,2.766667,0.5,-1.7333333,-1.2333333,-0.5,1.0,0.0,2.0,1.0,0.0,0.0,3,0,1,2,0,0,3.8333333,3.4166667,1.9333334,1.9500002,1.8866667
7,X,U,Y,N,Y,1,2,Gwangju,7,MIDLE_DOWN,1.3611114,2.5833335,-1.8888888,-2.0,-1.3333333,2.8333335,1.3333334,1.5,-3.1666667,-1.6666667,-1.5000001,1.0,1.0,2.0,4.0,0.0,0.0,1,1,0,1,2,1,Suwon Bluewings,7,MIDLE_DOWN,-0.6666665,-4.0,1.0,1.0,2.3333335,2.6666667,1.6666667,1.0,-3.3333335,-1.3333334,-2.0,1.0,0.0,3.0,2.0,0.0,0.0,1,0,2,2,0,1,3.7725,3.36125,2.0135,1.885,1.5425
7,2,U,Y,N,N,1,1,Pohang Steelers,6,MIDLE_DOWN,1.5,-2.5,1.0,1.0,-2.0,2.5,1.0,1.5,-3.5,-1.0,-2.5,0.0,1.0,4.0,1.0,0.0,0.0,0,1,2,1,0,2,Jeonnam Dragons,3,BOTTOM_TABLE,2.7500002,-1.5833333,5.0,-1.3333333,-1.3333333,1.5000001,0.6666667,0.8333334,-2.5000002,-1.3333334,-1.1666667,0.0,1.0,2.0,2.0,0.0,0.0,0,0,1,2,2,1,1.8833333,3.3833332,4.11,2.385,1.585
8,1,U,Y,N,N,1,1,Pohang Steelers,6,MIDLE_DOWN,-1.5,-3.0,-2.5,1.0,1.0,2.5,1.0,1.5,-4.5,-2.0,-2.5,0.0,1.0,3.0,1.0,0.0,0.0,0,1,2,1,1,2,Jeju United,11,TOP_TABLE,6.7428575,1.0999999,3.1428573,2.3333335,1.0,3.75,2.4166667,1.3333334,-3.25,-1.5833334,-1.6666667,1.0,1.0,4.0,1.0,0.0,0.0,2,1,2,0,0,2,2.51125,3.0625,2.8905,2.3166666,1.6433333
8,X,U,Y,N,Y,1,2,Suwon Bluewings,8,MIDLE_DOWN,0.3333335,1.0,-4.0,1.0,1.0,3.1666667,1.6666667,1.5,-3.8333335,-1.3333334,-2.5,1.0,0.0,3.0,2.0,0.0,0.0,1,0,2,3,0,1,Seoul,18,TOP_TABLE,14.9388895,2.8000002,3.416667,2.8888888,2.3333335,4.75,2.75,2.0,-2.25,-0.25,-2.0,1.0,1.0,3.0,2.0,0.0,0.0,3,3,0,0,0,1,3.3325,3.2175,2.2165,1.9712499,1.4925
8,1,O,Y,Y,Y,4,4,Jeonbuk Motors,13,TOP_TABLE,10.79127,0.28571415,2.4222221,0.7500005,1.0,3.766667,2.766667,1.0,-2.2333333,-1.2333333,-1.0,1.0,1.0,2.0,2.0,0.0,0.0,3,0,1,3,0,0,Suwon,8,MIDLE_DOWN,2.5833335,-1.5,-2.4166665,1.1666665,1.0,2.1666667,1.6666667,0.5,-2.8333335,-1.3333334,-1.5,0.0,0.0,1.0,1.0,0.0,0.0,1,0,3,2,0,1,1.5595,4.165,5.625,1.6700001,2.236
8,2,O,Y,Y,Y,2,7,Jeonnam Dragons,6,BOTTOM_TABLE,6.75,3.9999998,-1.5833333,5.0,-1.3333333,2.5,0.6666667,1.8333334,-2.5000002,-1.3333334,-1.1666667,0.0,1.0,2.0,2.0,0.0,0.0,0,1,1,2,2,1,Sangju Sangmu,8,MIDLE_DOWN,4.5476193,1.7142859,3.5,-1.3333333,1.0,3.6666667,3.0,0.6666667,-3.3333335,-1.0,-2.3333335,1.0,1.0,2.0,4.0,0.0,0.0,2,0,2,0,0,3,2.19,3.275,3.3375,2.0293334,1.7566667
8,2,U,Y,N,N,1,1,Incheon United,3,BOTTOM_TABLE,4.55,3.5,6.0,1.25,-1.1999998,1.9,0.9,1.0,-4.1,-2.1,-2.0,1.0,0.0,3.0,2.0,0.0,0.0,0,0,1,2,2,2,Ulsan,8,MIDLE_UP,1.22381,-1.8,-2.142857,0.8333335,3.0,2.5,1.0,1.5,-3.5000002,-2.0,-1.5,1.0,0.0,1.0,2.0,0.0,0.0,1,1,1,1,2,1,3.825,3.125,2.05,2.5,1.5
8,1,U,N,N,N,0,2,Seongnam,12,TOP_TABLE,5.677778,0.9000001,-1.4222221,-3.0,2.1999998,4.0,2.0,2.0,-2.0,0.0,-2.0,0.0,1.0,1.0,4.0,0.0,0.0,2,1,1,2,0,1,Gwangju,8,MIDLE_DOWN,2.3611114,1.0,2.5833335,-1.8888888,-2.0,3.3333335,1.8333334,1.5,-3.6666667,-2.1666667,-1.5000001,1.0,1.0,2.0,4.0,0.0,0.0,1,1,1,1,2,1,1.9866667,3.1833334,3.9166667,2.27,1.65
9,2,O,Y,N,N,1,3,Ulsan,11,TOP_TABLE,4.84881,3.6250002,-1.8,-2.142857,0.8333335,3.5,1.0,2.5,-3.5000002,-2.0,-1.5,1.0,0.0,1.0,1.0,0.0,0.0,1,2,1,1,2,1,Seongnam,15,TOP_TABLE,9.011111,3.3333335,0.9000001,-1.4222221,-3.0,5.0,3.0,2.0,-2.0,0.0,-2.0,0.0,1.0,1.0,4.0,0.0,0.0,3,1,1,2,0,1,2.4,3.0749998,3.05,2.42,1.52
9,X,U,N,N,N,0,0,Incheon United,3,BOTTOM_TABLE,1.9250002,-2.625,3.5,6.0,1.25,1.9,0.9,1.0,-5.1,-3.1,-2.0,1.0,0.0,2.0,2.0,0.0,0.0,0,0,1,2,3,2,Jeonnam Dragons,6,BOTTOM_TABLE,5.357143,-1.3928571,3.9999998,-1.5833333,5.0,2.9285715,1.0952381,1.8333334,-3.0714288,-1.904762,-1.1666667,1.0,1.0,3.0,2.0,0.0,0.0,0,1,1,2,3,1,3.039,2.9875002,2.496,2.455,1.5575
9,1,U,N,N,N,0,1,Gwangju,8,MIDLE_DOWN,0.02777791,-2.3333335,1.0,2.5833335,-1.8888888,3.3333335,1.8333334,1.5,-4.666667,-2.1666667,-2.5,1.0,0.0,2.0,3.0,0.0,0.0,1,1,1,1,2,2,Sangju Sangmu,11,MIDLE_UP,6.9404764,2.392857,1.7142859,3.5,-1.3333333,4.2380953,3.0,1.2380953,-3.761905,-1.0,-2.761905,1.0,1.0,2.0,5.0,0.0,0.0,2,1,2,0,0,3,2.7333333,3.2,2.5166667,2.0633333,1.7766666
9,2,O,Y,Y,Y,4,7,Suwon,8,MIDLE_DOWN,0.6987181,-1.8846154,-1.5,-2.4166665,1.1666665,2.4166667,1.6666667,0.75,-3.5833335,-1.3333334,-2.25,0.0,1.0,1.0,2.0,0.0,0.0,1,0,3,2,0,2,Jeju United,11,TOP_TABLE,3.9095242,-2.8333333,1.0999999,3.1428573,2.3333335,3.75,2.4166667,1.3333334,-4.25,-1.5833334,-2.6666667,1.0,1.0,4.0,1.0,0.0,0.0,2,1,2,0,0,3,2.88,3.25875,2.41,1.8525,1.97875
9,2,O,Y,Y,Y,2,4,Seoul,19,TOP_TABLE,14.6888895,-0.25,2.8000002,3.416667,2.8888888,5.25,2.75,2.5,-2.75,-0.25,-2.5,1.0,1.0,3.0,2.0,0.0,0.0,3,3,0,1,0,1,Pohang Steelers,9,MIDLE_DOWN,2.3333333,3.8333333,-3.0,-2.5,1.0,3.5,2.0,1.5,-4.5,-2.0,-2.5,0.0,1.0,2.0,1.0,0.0,0.0,1,1,2,1,1,2,1.6866666,3.5666666,5.05,2.3,1.635
9,2,O,Y,N,Y,1,5,Suwon Bluewings,9,MIDLE_DOWN,2.5833335,2.25,1.0,-4.0,1.0,3.6666667,2.1666667,1.5,-4.3333335,-1.8333334,-2.5,1.0,0.0,2.0,2.0,0.0,0.0,1,0,3,3,0,1,Jeonbuk Motors,16,TOP_TABLE,13.675886,2.884616,0.28571415,2.4222221,0.7500005,4.516667,3.516667,1.0,-2.4833333,-1.4833333,-1.0,1.0,1.0,3.0,2.0,0.0,0.0,4,0,1,3,0,0,2.58875,3.2800002,2.6925,2.0749998,1.7595
10,X,U,N,N,N,0,0,Ulsan,11,TOP_TABLE,2.5821435,-2.2666667,3.6250002,-1.8,-2.142857,3.5,1.0,2.5,-4.5,-3.0,-1.5,1.0,0.0,2.0,1.0,0.0,0.0,1,2,1,1,3,1,Pohang Steelers,12,MIDLE_DOWN,5.9444447,3.6111114,3.8333333,-3.0,-2.5,4.25,2.0,2.25,-4.75,-2.0,-2.75,0.0,1.0,2.0,2.0,0.0,0.0,1,2,2,1,1,2,2.57,3.0666666,2.783333,2.42,1.52
10,2,O,Y,Y,Y,3,5,Seongnam,18,TOP_TABLE,12.277778,3.2666664,3.3333335,0.9000001,-1.4222221,6.0,3.0,3.0,-2.0,0.0,-2.0,0.0,1.0,1.0,3.0,0.0,0.0,3,2,1,2,0,1,Seoul,19,TOP_TABLE,12.077778,-2.6111116,-0.25,2.8000002,3.416667,5.5,3.0,2.5,-3.5,-1.0,-2.5,1.0,1.0,3.0,2.0,0.0,0.0,3,3,0,1,1,1,3.3666668,3.1833334,2.17,2.29,1.64
10,2,O,Y,N,Y,1,3,Suwon,8,MIDLE_DOWN,-1.0025806,-1.7012987,-1.8846154,-1.5,-2.4166665,2.7023811,1.952381,0.75,-4.2976193,-2.047619,-2.25,1.0,1.0,2.0,2.0,0.0,0.0,1,0,3,2,1,2,Suwon Bluewings,9,MIDLE_DOWN,0.94583344,-1.6375,2.25,1.0,-4.0,4.0666666,2.5666668,1.5,-4.9333334,-2.4333334,-2.5,1.0,0.0,3.0,2.0,0.0,0.0,1,0,3,3,1,1,3.3500001,3.4333334,2.0566666,1.8966666,1.9366666
10,1,O,Y,Y,Y,4,6,Sangju Sangmu,11,MIDLE_UP,4.5654764,-2.375,2.392857,1.7142859,3.5,4.2380953,3.0,1.2380953,-4.7619047,-1.0,-3.761905,1.0,1.0,2.0,4.0,0.0,0.0,2,1,2,0,0,4,Incheon United,4,BOTTOM_TABLE,3.9250002,2.0,-2.625,3.5,6.0,1.9,0.9,1.0,-5.1,-3.1,-2.0,1.0,0.0,2.0,2.0,0.0,0.0,0,0,2,2,3,2,1.935,3.2215002,4.0225,2.2633333,1.6766666
10,1,O,Y,N,N,1,3,Jeju United,14,TOP_TABLE,6.6108227,2.7012985,-2.8333333,1.0999999,3.1428573,4.464286,2.4166667,2.047619,-4.535714,-1.5833334,-2.9523811,1.0,1.0,4.0,2.0,0.0,0.0,2,2,2,0,0,3,Jeonnam Dragons,7,BOTTOM_TABLE,5.357143,0.0,-1.3928571,3.9999998,-1.5833333,2.9285715,1.0952381,1.8333334,-3.0714288,-1.904762,-1.1666667,1.0,1.0,3.0,1.0,0.0,0.0,0,1,1,3,3,1,2.0,3.4166667,3.5666666,2.0166667,1.82
10,2,O,Y,N,Y,1,6,Suwon Bluewings,12,MIDLE_DOWN,3.390278,2.4444447,-1.6375,2.25,1.0,4.733333,2.5666668,2.1666667,-5.266667,-2.4333334,-2.8333333,1.0,0.0,3.0,2.0,0.0,0.0,1,1,3,3,1,1,Ulsan,12,MIDLE_UP,3.6730528,1.0909092,-2.2666667,3.6250002,-1.8,3.5,1.0,2.5,-4.5,-3.0,-1.5,0.0,0.0,1.0,1.0,0.0,0.0,1,2,2,1,3,1,1.8575,3.34,4.5125,2.2733333,1.6666666
11,2,O,Y,Y,Y,3,5,Sangju Sangmu,14,MIDLE_UP,7.5351734,2.969697,-2.375,2.392857,1.7142859,4.904762,3.6666667,1.2380953,-5.095238,-1.3333334,-3.761905,2.0,1.0,3.0,4.0,0.0,0.0,3,1,2,0,0,4,Seongnam,18,TOP_TABLE,11.0251465,-1.2526312,3.2666664,3.3333335,0.9000001,6.4,3.4,3.0,-2.6,-0.6,-2.0,0.0,1.0,2.0,3.0,0.0,0.0,3,2,1,2,1,1,2.3396,2.6650002,2.3869998,2.086,1.7440001
11,2,O,N,N,Y,0,3,Jeonnam Dragons,7,BOTTOM_TABLE,2.857143,-2.5,0.0,-1.3928571,3.9999998,2.9285715,1.0952381,1.8333334,-4.071429,-1.904762,-2.1666667,1.0,1.0,3.0,1.0,0.0,0.0,0,1,1,3,3,2,Jeonbuk Motors,19,TOP_TABLE,16.313385,2.6374989,2.884616,0.28571415,2.4222221,5.116667,3.516667,1.6,-2.8833334,-1.4833333,-1.4,1.0,1.0,3.0,2.0,0.0,0.0,4,1,1,3,0,0,3.3375,3.29,2.1585,1.9625001,1.8625
11,2,U,Y,N,N,1,1,Pohang Steelers,13,MIDLE_UP,6.8535357,0.909091,3.6111114,3.8333333,-3.0,4.25,2.0,2.25,-4.75,-2.0,-2.75,0.0,1.0,2.0,1.0,0.0,0.0,1,2,2,2,1,2,Suwon,8,MIDLE_DOWN,-2.447025,-1.4444444,-1.7012987,-1.8846154,-1.5,3.0357144,2.2857144,0.75,-4.964286,-2.7142859,-2.25,1.0,1.0,2.0,2.0,0.0,0.0,1,0,3,2,2,2,1.767,3.698,4.6379995,2.0359998,1.805
11,2,U,N,N,N,0,1,Incheon United,4,BOTTOM_TABLE,1.9553032,-1.969697,2.0,-2.625,3.5,2.2333333,0.9,1.3333334,-5.7666664,-3.1,-2.6666667,1.0,1.0,2.0,3.0,0.0,0.0,0,0,2,2,3,3,Gwangju,11,MIDLE_DOWN,3.402778,3.375,-2.3333335,1.0,2.5833335,4.3333335,2.8333335,1.5,-4.666667,-2.1666667,-2.5,1.0,0.0,1.0,3.0,0.0,0.0,2,1,1,1,2,2,3.023,2.97,2.5864,2.5679998,1.53
11,2,U,N,N,N,0,1,Seongnam,21,TOP_TABLE,13.447369,2.4222221,-1.2526312,3.2666664,3.3333335,7.0,3.4,3.6,-3.0,-0.6,-2.4,0.0,1.0,2.0,4.0,0.0,0.0,3,3,1,2,1,1,Incheon United,4,BOTTOM_TABLE,-0.6810603,-2.6363635,-1.969697,2.0,-2.625,2.2333333,0.9,1.3333334,-6.7666664,-4.1,-2.6666667,1.0,1.0,1.0,3.0,0.0,0.0,0,0,2,2,4,3,1.7290001,3.55,5.106,2.3733332,1.6133333
11,2,O,Y,Y,Y,2,3,Jeju United,17,TOP_TABLE,10.110823,3.5,2.7012985,-2.8333333,1.0999999,5.464286,3.4166667,2.047619,-4.535714,-1.5833334,-2.9523811,1.0,1.0,4.0,2.0,0.0,0.0,3,2,2,0,0,3,Ulsan,15,TOP_TABLE,6.0063863,2.3333335,1.0909092,-2.2666667,3.6250002,4.1666665,1.0,3.1666667,-4.8333335,-3.0,-1.8333334,0.0,0.0,1.0,2.0,0.0,0.0,1,3,2,1,3,1,2.1666667,3.2666667,3.2833335,2.03,1.815
12,1,U,Y,N,N,1,1,Gwangju,14,MIDLE_UP,7.0391417,3.6363637,3.375,-2.3333335,1.0,5.3333335,2.8333335,2.5,-4.666667,-2.1666667,-2.5,1.0,0.0,1.0,3.0,0.0,0.0,2,2,1,1,2,2,Suwon,11,MIDLE_DOWN,1.1779749,3.625,-1.4444444,-1.7012987,-1.8846154,4.035714,2.2857144,1.75,-4.964286,-2.7142859,-2.25,1.0,1.0,2.0,2.0,0.0,0.0,1,1,3,2,2,2,2.2330003,3.2740002,3.3280003,2.2133334,1.7033333
12,X,U,Y,Y,Y,2,2,Seoul,22,TOP_TABLE,14.33041,2.2526321,-2.6111116,-0.25,2.8000002,6.1,3.0,3.1,-3.9,-1.0,-2.9,1.0,1.0,3.0,2.0,0.0,0.0,3,4,0,1,1,1,Jeonnam Dragons,7,BOTTOM_TABLE,0.89223075,-1.9649122,-2.5,0.0,-1.3928571,3.2619047,1.4285715,1.8333334,-4.7380953,-2.5714288,-2.1666667,0.0,1.0,3.0,1.0,0.0,0.0,0,1,1,3,4,2,1.62,3.925,5.3875,1.89625,1.955
12,1,O,N,N,Y,0,5,Jeonbuk Motors,22,TOP_TABLE,19.278297,2.9649124,2.6374989,2.884616,0.28571415,5.7833333,3.516667,2.2666667,-3.2166667,-1.4833333,-1.7333333,1.0,0.0,3.0,2.0,0.0,0.0,4,2,1,3,0,0,Sangju Sangmu,14,MIDLE_UP,6.1129513,-1.4222221,2.969697,-2.375,2.392857,5.304762,4.0666666,1.2380953,-5.695238,-1.9333334,-3.761905,2.0,1.0,3.0,4.0,0.0,0.0,3,1,2,0,1,4,1.614,4.1,5.31,1.6333333,2.3333333
12,X,O,Y,N,Y,1,4,Pohang Steelers,13,MIDLE_DOWN,4.2285357,-2.625,0.909091,3.6111114,3.8333333,4.25,2.0,2.25,-5.75,-3.0,-2.75,0.0,1.0,2.0,1.0,0.0,0.0,1,2,2,2,2,2,Suwon Bluewings,12,MIDLE_DOWN,2.0569448,-1.3333333,2.4444447,-1.6375,2.25,5.0666666,2.9,2.1666667,-5.9333334,-3.1000001,-2.8333333,1.0,0.0,3.0,2.0,0.0,0.0,1,1,3,3,2,1,2.921,3.078,2.572,1.89,1.4133333
12,X,U,N,N,Y,0,2,Gwangju,17,MIDLE_UP,10.2534275,3.2142859,3.6363637,3.375,-2.3333335,6.3333335,3.8333335,2.5,-4.666667,-2.1666667,-2.5,1.0,0.0,1.0,3.0,0.0,0.0,3,2,1,1,2,2,Jeonbuk Motors,25,TOP_TABLE,21.841934,2.5636368,2.9649124,2.6374989,2.884616,6.383333,4.116667,2.2666667,-3.6166668,-1.8833333,-1.7333333,1.0,0.0,3.0,2.0,0.0,0.0,5,2,1,3,0,0,2.7625,2.8,1.8225,2.0500002,1.8
12,2,O,Y,N,Y,1,7,Seoul,23,TOP_TABLE,13.187553,-1.1428566,2.2526321,-2.6111116,-0.25,6.6,3.5,3.1,-4.4,-1.5,-2.9,1.0,1.0,3.0,2.0,0.0,0.0,3,4,1,1,1,1,Jeju United,17,TOP_TABLE,8.6441555,-1.4666672,3.5,2.7012985,-2.8333333,5.7976193,3.75,2.047619,-5.2023807,-2.25,-2.9523811,1.0,1.0,4.0,2.0,0.0,0.0,3,2,2,0,1,3,1.575,4.045,5.6575,1.7425001,2.1175
13,1,U,Y,N,N,1,1,Ulsan,18,TOP_TABLE,8.473053,2.4666667,2.3333335,1.0909092,-2.2666667,4.833333,1.0,3.8333335,-5.166667,-3.0,-2.1666667,0.0,1.0,1.0,2.0,0.0,0.0,1,4,2,1,3,1,Sangju Sangmu,14,MIDLE_DOWN,4.549315,-1.5636363,-1.4222221,2.969697,-2.375,5.704762,4.0666666,1.6380953,-6.295238,-1.9333334,-4.361905,2.0,1.0,3.0,4.0,0.0,0.0,3,1,2,0,1,5,1.755,3.7,4.3825,1.8349999,2.0149999
13,X,O,N,N,Y,0,4,Suwon Bluewings,13,MIDLE_DOWN,3.1402783,1.0833335,-1.3333333,2.4444447,-1.6375,5.5666666,2.9,2.6666667,-6.4333334,-3.1000001,-3.3333333,1.0,0.0,3.0,2.0,0.0,0.0,1,1,3,4,2,1,Incheon United,7,BOTTOM_TABLE,6.5689397,7.25,-2.6363635,-1.969697,2.0,3.2333333,0.9,2.3333335,-6.7666664,-4.1,-2.6666667,1.0,1.0,1.0,2.0,0.0,0.0,0,1,2,2,4,3,1.61,3.73,5.81,2.1125,1.7525
13,1,O,Y,Y,Y,3,5,Jeju United,20,TOP_TABLE,11.139954,2.495798,-1.4666672,3.5,2.7012985,6.369048,3.75,2.6190476,-5.630952,-2.25,-3.3809526,1.0,1.0,4.0,3.0,0.0,0.0,3,3,2,0,1,3,Gwangju,18,MIDLE_UP,11.724016,1.4705887,3.2142859,3.6363637,3.375,6.8333335,4.3333335,2.5,-5.166667,-2.6666667,-2.5,0.0,0.0,1.0,3.0,0.0,0.0,3,2,2,1,2,2,1.885,3.5124998,4.0649996,1.9425,1.9
13,X,O,N,N,Y,0,4,Seongnam,21,TOP_TABLE,7.1973686,-6.25,2.4222221,-1.2526312,3.2666664,7.0,3.4,3.6,-4.0,-1.6,-2.4,0.0,1.0,1.0,4.0,0.0,0.0,3,3,1,2,2,1,Jeonbuk Motors,26,TOP_TABLE,22.371346,0.5294113,2.5636368,2.9649124,2.6374989,6.883333,4.116667,2.7666667,-4.116667,-1.8833333,-2.2333333,1.0,0.0,3.0,2.0,0.0,0.0,5,2,1,4,0,0,3.2725,3.1725001,2.2749999,1.9200001,1.5174999
13,2,O,Y,N,N,1,3,Suwon,11,MIDLE_DOWN,-1.0363109,-2.2142859,3.625,-1.4444444,-1.7012987,4.035714,2.2857144,1.75,-5.964286,-2.7142859,-3.25,1.0,1.0,2.0,1.0,0.0,0.0,1,1,3,2,2,3,Seoul,23,TOP_TABLE,11.691755,-1.4957981,-1.1428566,2.2526321,-2.6111116,7.028571,3.9285715,3.1,-4.971429,-2.0714285,-2.9,1.0,1.0,4.0,2.0,0.0,0.0,3,4,1,1,2,1,6.0,4.0825005,1.5375,1.8349999,2.01
13,X,U,N,N,N,0,0,Jeonnam Dragons,8,BOTTOM_TABLE,4.0350876,3.1428568,-1.9649122,-2.5,0.0,3.7619047,1.4285715,2.3333335,-5.2380953,-2.5714288,-2.6666667,0.0,1.0,3.0,1.0,0.0,0.0,0,1,1,4,4,2,Pohang Steelers,14,MIDLE_UP,5.1452026,0.916667,-2.625,0.909091,3.6111114,4.75,2.5,2.25,-6.25,-3.5,-2.75,0.0,1.0,2.0,1.0,0.0,0.0,1,2,3,2,2,2,2.4833333,3.1499999,2.8333333,2.35,1.605
14,1,O,Y,Y,N,3,4,Sangju Sangmu,14,MIDLE_DOWN,2.3270926,-2.2222223,-1.5636363,-1.4222221,2.969697,5.704762,4.0666666,1.6380953,-7.295238,-1.9333334,-5.361905,2.0,1.0,3.0,3.0,0.0,0.0,3,1,2,0,1,6,Jeju United,23,TOP_TABLE,13.439953,2.2999992,2.495798,-1.4666672,3.5,6.969048,4.35,2.6190476,-6.030952,-2.65,-3.3809526,1.0,1.0,4.0,3.0,0.0,0.0,4,3,2,0,1,3,2.6966667,3.6299999,2.4266667,1.0,1.0
14,1,O,Y,Y,Y,3,4,Jeonnam Dragons,9,BOTTOM_TABLE,5.7850876,1.75,3.1428568,-1.9649122,-2.5,3.7619047,1.4285715,2.3333335,-5.2380953,-2.5714288,-2.6666667,0.0,1.0,2.0,1.0,0.0,0.0,0,1,2,4,4,2,Ulsan,21,TOP_TABLE,11.695275,3.2222223,2.4666667,2.3333335,1.0909092,5.833333,2.0,3.8333335,-5.166667,-3.0,-2.1666667,0.0,1.0,1.0,2.0,0.0,0.0,2,4,2,1,3,1,2.8,3.125,2.475,1.625,1.35
14,1,O,Y,N,Y,1,3,Jeonbuk Motors,27,TOP_TABLE,23.133251,0.76190567,0.5294113,2.5636368,2.9649124,7.383333,4.116667,3.2666667,-4.616667,-1.8833333,-2.7333333,1.0,0.0,3.0,2.0,0.0,0.0,5,2,1,5,0,0,Suwon Bluewings,14,MIDLE_DOWN,3.2831354,0.14285707,1.0833335,-1.3333333,2.4444447,6.0666666,3.4,2.6666667,-6.9333334,-3.6000001,-3.3333333,1.0,0.0,3.0,2.0,0.0,0.0,1,1,4,4,2,1,1.64,3.855,5.2774997,1.69,2.2050002
14,1,O,Y,N,Y,1,5,Seoul,26,TOP_TABLE,15.213494,3.521739,-1.4957981,-1.1428566,2.2526321,8.028571,3.9285715,4.1,-4.971429,-2.0714285,-2.9,1.0,1.0,4.0,2.0,0.0,0.0,3,5,1,1,2,1,Gwangju,18,MIDLE_UP,10.424016,-1.3000002,1.4705887,3.2142859,3.6363637,7.2333336,4.3333335,2.9,-5.766667,-2.6666667,-3.1,0.0,1.0,1.0,3.0,0.0,0.0,3,2,2,1,2,3,1.4733334,4.2033334,7.063333,1.7774999,2.08
14,1,O,Y,N,Y,1,4,Pohang Steelers,15,MIDLE_DOWN,5.3952026,0.25,0.916667,-2.625,0.909091,4.75,2.5,2.25,-6.25,-3.5,-2.75,0.0,1.0,2.0,1.0,0.0,0.0,1,2,3,3,2,2,Seongnam,22,TOP_TABLE,8.435464,1.2380953,-6.25,2.4222221,-1.2526312,7.5,3.9,3.6,-4.5,-2.1,-2.4,0.0,1.0,2.0,4.0,0.0,0.0,3,3,2,2,2,1,2.5149999,3.2,2.8525,2.35,1.605
14,1,U,Y,N,N,1,2,Incheon United,8,BOTTOM_TABLE,8.426083,1.8571429,7.25,-2.6363635,-1.969697,3.7333333,0.9,2.8333335,-7.2666664,-4.1,-3.1666667,1.0,0.0,1.0,3.0,0.0,0.0,0,1,2,3,4,3,Suwon,11,BOTTOM_TABLE,-3.55805,-2.521739,-2.2142859,3.625,-1.4444444,4.035714,2.2857144,1.75,-6.964286,-3.7142859,-3.25,1.0,1.0,2.0,1.0,0.0,0.0,1,1,3,2,3,3,2.75,3.0233333,2.7466667,2.35,1.64
15,X,U,N,N,N,0,0,Incheon United,11,BOTTOM_TABLE,11.801083,3.375,1.8571429,7.25,-2.6363635,4.7333336,1.9,2.8333335,-7.2666664,-4.1,-3.1666667,1.0,0.0,1.0,3.0,0.0,0.0,1,1,2,3,4,3,Jeonbuk Motors,30,TOP_TABLE,25.948067,2.8148155,0.76190567,0.5294113,2.5636368,8.05,4.7833333,3.2666667,-4.9500003,-2.2166667,-2.7333333,1.0,0.0,3.0,2.0,0.0,0.0,6,2,1,5,0,0,4.7375,3.4775,1.775,2.1499999,1.7333332
15,X,U,N,N,Y,0,2,Seoul,29,TOP_TABLE,17.721188,2.5076933,3.521739,-1.4957981,-1.1428566,8.6285715,4.5285716,4.1,-5.371429,-2.4714286,-2.9,1.0,1.0,4.0,2.0,0.0,0.0,4,5,1,1,2,1,Suwon Bluewings,14,MIDLE_DOWN,1.4683206,-1.8148148,0.14285707,1.0833335,-1.3333333,6.4,3.4,3.0,-7.6,-3.6000001,-4.0,1.0,0.0,3.0,2.0,0.0,0.0,1,1,4,4,2,2,1.72,3.77,4.685,1.7966667,2.07
15,1,O,N,N,Y,0,4,Jeju United,23,TOP_TABLE,10.797096,-2.6428566,2.2999992,2.495798,-1.4666672,6.969048,4.35,2.6190476,-7.030952,-2.65,-4.380953,1.0,1.0,4.0,3.0,0.0,0.0,4,3,2,0,1,4,Pohang Steelers,18,MIDLE_UP,8.36187,2.9666672,0.25,0.916667,-2.625,5.5,3.25,2.25,-6.5,-3.75,-2.75,0.0,1.0,2.0,1.0,0.0,0.0,2,2,3,3,2,2,2.21,3.2849998,3.275,1.945,1.895
15,1,U,Y,N,N,1,1,Ulsan,21,TOP_TABLE,8.861942,-2.833333,3.2222223,2.4666667,2.3333335,6.083333,2.0,4.0833335,-5.916667,-3.0,-2.9166667,0.0,1.0,1.0,2.0,0.0,0.0,2,4,2,1,3,2,Suwon,11,BOTTOM_TABLE,-5.93305,-2.3750002,-2.521739,-2.2142859,3.625,4.035714,2.2857144,1.75,-7.964286,-3.7142859,-4.25,1.0,1.0,2.0,1.0,0.0,0.0,1,1,3,2,3,4,1.666,3.832,5.276,1.958,1.8959999
15,1,O,Y,Y,Y,2,5,Sangju Sangmu,17,MIDLE_DOWN,5.9699497,3.642857,-2.2222223,-1.5636363,-1.4222221,6.704762,5.0666666,1.6380953,-7.295238,-1.9333334,-5.361905,2.0,1.0,3.0,3.0,0.0,0.0,4,1,2,0,1,6,Jeonnam Dragons,12,MIDLE_DOWN,9.618422,3.833334,1.75,3.1428568,-1.9649122,4.5119047,2.1785715,2.3333335,-5.4880953,-2.8214288,-2.6666667,1.0,1.0,2.0,1.0,0.0,0.0,1,1,2,4,4,2,2.1837502,3.4650002,3.23,1.7975,2.0705001
15,X,U,Y,N,Y,1,2,Gwangju,18,MIDLE_UP,8.916324,-1.5076923,-1.3000002,1.4705887,3.2142859,7.6333337,4.3333335,3.3000002,-6.366667,-2.6666667,-3.6999998,0.0,1.0,1.0,3.0,0.0,0.0,3,2,2,1,2,4,Seongnam,22,TOP_TABLE,6.468797,-1.9666667,1.2380953,-6.25,2.4222221,7.75,3.9,3.85,-5.25,-2.1,-3.15,0.0,1.0,2.0,4.0,0.0,0.0,3,3,2,2,2,2,2.7385,3.0925,2.80125,1.7866668,1.475
16,1,U,Y,N,N,1,1,Suwon Bluewings,15,MIDLE_DOWN,3.5397491,2.0714285,-1.8148148,0.14285707,1.0833335,6.9,3.4,3.5,-8.1,-3.6000001,-4.5,1.0,0.0,3.0,2.0,0.0,0.0,1,1,4,5,2,2,Jeju United,26,TOP_TABLE,13.514487,2.717391,-2.6428566,2.2999992,2.495798,7.719048,5.1,2.6190476,-7.280952,-2.9,-4.380953,1.0,1.0,4.0,3.0,0.0,0.0,5,3,2,0,1,4,2.1525,3.405,3.2975001,1.775,2.08
16,1,O,Y,Y,Y,2,3,Pohang Steelers,18,MIDLE_UP,6.644479,-1.717391,2.9666672,0.25,0.916667,5.75,3.25,2.5,-7.25,-3.75,-3.5,0.0,0.0,2.0,1.0,0.0,0.0,2,2,3,3,2,3,Seoul,30,TOP_TABLE,17.64976,-0.0714283,2.5076933,3.521739,-1.4957981,9.1285715,5.0285716,4.1,-5.871429,-2.9714286,-2.9,1.0,1.0,3.0,2.0,0.0,0.0,4,5,2,1,2,1,3.468,3.3800004,2.1220002,2.036,1.827
16,1,U,Y,N,N,1,1,Jeonnam Dragons,12,MIDLE_DOWN,8.124304,-1.4941177,3.833334,1.75,3.1428568,4.911905,2.1785715,2.7333336,-6.088095,-2.8214288,-3.266667,1.0,1.0,2.0,2.0,0.0,0.0,1,1,2,4,4,3,Incheon United,12,BOTTOM_TABLE,14.528356,2.727273,3.375,1.8571429,7.25,4.7333336,1.9,2.8333335,-7.2666664,-4.1,-3.1666667,0.0,0.0,1.0,3.0,0.0,0.0,1,1,3,3,4,3,2.1060002,3.2559998,3.7080002,2.2483332,1.6813334
