week,headOutcome,scoreOutcome,ht1pOutcome,ht2pOutcome,ggOutcome,totHtScore,totFtScore,t1,t1Points,t1Classification,t1Form,t1Form1Diff,t1Form2Diff,t1Form3Diff,t1Form4Diff,t1Atack,t1AtackIn,t1AtackOut,t1Defense,t1DefenseIn,t1DefenseOut,t1AvgHtScoreIn,t1AvgHtScoreOut,t1AvgFtScoreIn,t1AvgFtScoreOut,t1AvgHtGgResult,t1AvgFtGgResult,t1WinsIn,t1WinsOut,t1DrawsIn,t1DrawsOut,t1LosesIn,t1LosesOut,t2,t2Points,t2Classification,t2Form,t2Form1Diff,t2Form2Diff,t2Form3Diff,t2Form4Diff,t2Atack,t2AtackIn,t2AtackOut,t2Defense,t2DefenseIn,t2DefenseOut,t2AvgHtScoreIn,t2AvgHtScoreOut,t2AvgFtScoreIn,t2AvgFtScoreOut,t2AvgHtGgResult,t2AvgFtGgResult,t2WinsIn,t2WinsOut,t2DrawsIn,t2DrawsOut,t2LosesIn,t2LosesOut,bet_1,bet_X,bet_2,bet_O,bet_U
5,2,U,Y,N,N,1,1,Montedio Yamagata,2,BOTTOM_TABLE,-2.0,-2.0,1.0,1.0,-2.0,1.0,0.0,1.0,-3.0,-1.0,-2.0,0.0,1.0,1.0,2.0,0.0,0.0,0,0,0,2,1,1,Shimizu S-Pulse,5,MIDLE_UP,3.0,-2.0,1.0,3.0,1.0,1.0,0.0,1.0,-1.0,-1.0,0.0,0.0,1.0,0.0,3.0,0.0,0.0,0,1,2,0,1,0,2.98,3.05,2.6100001,2.31,1.64
5,X,O,Y,N,Y,1,6,Matsumoto Yamaga,4,MIDLE_DOWN,0.0,-2.0,1.0,3.0,-2.0,1.0,0.0,1.0,-2.0,-1.0,-1.0,0.0,1.0,1.0,1.0,0.0,0.0,0,1,0,1,1,1,Renofa Yamaguchi,4,MIDLE_DOWN,0.0,-2.0,-2.0,3.0,1.0,1.5,0.5,1.0,-2.5,-1.5,-1.0,1.0,0.0,2.0,1.0,0.0,0.0,0,1,1,0,1,1,2.045,3.1999998,4.075,2.495,1.55
5,2,O,N,N,Y,0,3,Kamatamare Sanuki,10,TOP_TABLE,8.666667,2.3333335,1.0,2.3333335,3.0,2.8333335,1.1666667,1.6666667,-1.1666667,-0.8333334,-0.33333334,1.0,0.0,3.0,2.0,0.0,0.0,1,2,1,0,0,0,Tokushima Vortis,1,BOTTOM_TABLE,-4.333333,-1.9999998,1.0,-2.0,-1.3333333,0.8333334,0.5,0.33333334,-3.1666667,-1.5,-1.6666667,1.0,0.0,2.0,2.0,0.0,0.0,0,0,1,0,1,2,3.095,2.915,2.6599998,2.6950002,1.485
5,1,U,Y,N,N,1,2,Fagiano Okayama,8,TOP_TABLE,6.5333333,2.1999998,1.0,2.3333335,1.0,2.266667,1.1666667,1.1,-1.7333333,-0.8333334,-0.9,0.0,0.0,3.0,3.0,0.0,1.0,1,1,1,1,0,0,Giravanz Kitakyushu,4,MIDLE_DOWN,0.0,1.0,-2.0,-2.0,3.0,1.5,1.5,0.0,-2.5,-1.5,-1.0,0.0,0.0,1.0,1.0,0.0,0.0,1,0,1,0,1,1,2.2350001,3.1,3.65,2.455,1.56
5,1,O,Y,Y,Y,2,4,Consadole Sapporo,7,MIDLE_UP,5.0,3.0,1.0,3.0,-2.0,2.5,0.5,2.0,-1.5,-0.5,-1.0,1.0,2.0,2.0,2.0,0.0,0.0,0,2,1,0,0,1,Kyoto Sanga,4,MIDLE_DOWN,4.0,1.0,1.0,1.0,1.0,1.5,0.5,1.0,-1.5,-0.5,-1.0,0.0,0.0,1.0,3.0,0.0,0.0,0,0,2,2,0,0,2.2849998,3.1,3.525,2.61,1.515
5,1,U,Y,N,N,1,1,Gifu,6,MIDLE_UP,2.0,3.0,3.0,-2.0,-2.0,2.0,1.0,1.0,-2.0,-1.0,-1.0,2.0,1.0,2.0,3.0,0.0,0.0,1,1,0,0,1,1,Mito Hollyhock,2,BOTTOM_TABLE,-1.2,-1.2,1.0,-2.0,1.0,0.9,0.4,0.5,-2.1,-1.6,-0.5,0.0,0.0,3.0,1.0,0.0,0.0,0,0,0,2,2,0,3.3625,3.0625,2.3224998,2.495,1.55
5,X,U,N,N,N,0,0,JEF United,9,TOP_TABLE,7.0,3.0,2.9999998,-1.3333333,2.3333335,3.0,1.6666667,1.3333334,-1.0,-0.33333334,-0.6666667,0.0,0.0,2.0,2.0,0.0,0.0,2,1,0,0,0,1,ThespaKusatsu Gunma,6,MIDLE_UP,2.0000002,-1.3333333,-2.0,2.3333335,3.0,2.0,2.0,0.0,-2.0,-1.0,-1.0,2.0,0.0,3.0,1.0,0.0,0.0,2,0,0,0,1,1,1.6733333,3.8333333,5.2666664,2.1833334,1.7199999
5,X,U,N,N,N,0,0,Yokohama,3,BOTTOM_TABLE,-3.0,3.0,-2.0,-2.0,-2.0,1.0,1.0,0.0,-3.0,-2.0,-1.0,0.0,0.0,1.0,1.0,0.0,0.0,1,0,0,0,2,1,Ehime,3,BOTTOM_TABLE,1.0,-2.0,1.0,1.0,1.0,1.0,0.5,0.5,-2.0,-1.5,-0.5,1.0,0.0,2.0,1.0,0.0,0.0,0,0,1,2,1,0,3.195,2.975,2.4675002,2.705,1.4849999
5,2,U,N,N,N,0,1,Tokyo Verdy,6,MIDLE_UP,2.6666667,3.0,-2.0,-1.3333333,3.0,2.3333335,2.0,0.33333334,-1.6666667,0.0,-1.6666667,0.0,1.0,1.0,2.0,0.0,0.0,2,0,0,0,0,2,Machida Zelvia,7,MIDLE_UP,4.3333335,2.3333335,3.0,1.0,-2.0,2.1666667,1.1666667,1.0,-1.8333334,-1.8333334,0.0,1.0,1.0,2.0,2.0,0.0,0.0,1,1,1,0,1,0,2.4525,2.9624999,3.2375,2.705,1.4849999
5,X,O,Y,Y,Y,2,4,Cerezo Osaka,12,TOP_TABLE,12.0,3.0,3.0,3.0,3.0,4.0,1.0,3.0,0.0,0.0,0.0,0.0,0.0,1.0,1.0,0.0,0.0,1,3,0,0,0,0,Zweigen Kanazawa,1,BOTTOM_TABLE,-2.9999998,-1.3333333,1.0,-1.3333333,-1.3333333,1.0,0.33333334,0.6666667,-2.0,-0.6666667,-1.3333334,0.0,3.0,1.0,3.0,0.0,0.0,0,0,1,0,1,2,1.4675,4.025,7.7374997,2.3366668,1.6333333
5,2,U,Y,Y,N,2,2,V-Varen Nagasaki,5,MIDLE_DOWN,2.3333335,1.0,1.0,-2.0,2.3333335,1.1666667,0.0,1.1666667,-1.8333334,-1.0,-0.8333334,1.0,1.0,3.0,2.0,0.0,0.0,0,1,0,2,1,0,Roasso Kumamoto,10,TOP_TABLE,10.0,1.0,3.0,3.0,3.0,3.5,2.0,1.5,-0.5,0.0,-0.5,1.0,0.0,1.0,1.0,0.0,0.0,2,1,0,1,0,0,2.275,2.9875,3.5875,2.77,1.4449999
6,2,O,Y,Y,Y,3,3,Zweigen Kanazawa,2,BOTTOM_TABLE,9.0,12.0,-1.3333333,1.0,-1.3333333,1.5,0.33333334,1.1666667,-2.5,-0.6666667,-1.8333334,0.0,2.0,1.0,3.0,0.0,0.0,0,0,1,1,1,2,Yokohama,4,MIDLE_DOWN,-2.0,1.0,3.0,-2.0,-2.0,1.0,1.0,0.0,-3.0,-2.0,-1.0,0.0,0.0,1.0,1.0,0.0,0.0,1,0,1,0,2,1,2.6666667,2.9666665,2.9066665,2.57,1.55
6,X,U,Y,Y,Y,2,2,V-Varen Nagasaki,5,MIDLE_DOWN,-0.16666651,-2.5,1.0,1.0,-2.0,1.1666667,0.0,1.1666667,-2.8333335,-2.0,-0.8333334,1.0,1.0,2.0,2.0,0.0,0.0,0,1,0,2,2,0,Matsumoto Yamaga,5,MIDLE_DOWN,1.0,1.0,-2.0,1.0,3.0,1.5,0.5,1.0,-2.5,-1.5,-1.0,0.0,1.0,3.0,1.0,0.0,0.0,0,1,1,1,1,1,2.7666664,2.9833336,2.8333333,2.6599998,1.5
6,2,U,N,N,N,0,2,Roasso Kumamoto,13,TOP_TABLE,13.5,3.5,1.0,3.0,3.0,4.5,2.0,2.5,-0.5,0.0,-0.5,1.0,0.0,1.0,1.0,0.0,0.0,2,2,0,1,0,0,Shimizu S-Pulse,8,MIDLE_UP,6.6,3.6,-2.0,1.0,3.0,2.0,0.0,2.0,-1.0,-1.0,0.0,0.0,1.0,0.0,2.0,0.0,0.0,0,2,2,0,1,0,3.4733334,3.1333332,2.3999999,2.5500002,1.535
6,1,U,Y,N,N,1,1,Mito Hollyhock,2,BOTTOM_TABLE,-3.8666668,-2.6666667,-1.2,1.0,-2.0,0.9,0.4,0.5,-3.1,-1.6,-1.5,0.0,0.0,3.0,1.0,0.0,0.0,0,0,0,2,2,1,ThespaKusatsu Gunma,7,MIDLE_UP,3.5000002,1.5,-1.3333333,-2.0,2.3333335,2.0,2.0,0.0,-2.0,-1.0,-1.0,2.0,0.0,3.0,0.0,0.0,0.0,2,0,0,1,1,1,2.2733333,3.0833333,3.4666665,2.5349998,1.5350001
6,1,U,Y,N,N,1,2,Machida Zelvia,10,TOP_TABLE,7.4761906,3.142857,2.3333335,3.0,1.0,3.1666667,1.1666667,2.0,-1.8333334,-1.8333334,0.0,1.0,0.0,2.0,1.0,0.0,0.0,1,2,1,0,1,0,Consadole Sapporo,10,TOP_TABLE,7.9285717,2.9285717,3.0,1.0,3.0,3.25,1.25,2.0,-1.75,-0.75,-1.0,1.0,2.0,3.0,2.0,0.0,0.0,1,2,1,0,0,1,2.7466667,3.0833333,2.7833335,2.525,1.55
6,X,U,N,N,Y,0,2,Fagiano Okayama,11,TOP_TABLE,10.033333,3.4999995,2.1999998,1.0,2.3333335,3.266667,2.1666667,1.1,-1.7333333,-0.8333334,-0.9,0.0,0.0,3.0,3.0,0.0,0.0,2,1,1,1,0,0,Tokyo Verdy,6,MIDLE_DOWN,0.5238097,-2.142857,3.0,-2.0,-1.3333333,2.3333335,2.0,0.33333334,-2.6666667,-1.0,-1.6666667,0.0,1.0,1.0,2.0,0.0,0.0,2,0,0,0,1,2,2.24,3.0999997,3.55,2.49,1.565
6,2,O,Y,Y,Y,3,4,Tokushima Vortis,4,BOTTOM_TABLE,7.000001,11.333334,-1.9999998,1.0,-2.0,1.5,0.5,1.0,-3.5,-1.5,-2.0,1.0,0.0,2.0,2.0,0.0,0.0,0,1,1,0,1,2,Gifu,9,MIDLE_UP,5.666667,3.666667,3.0,3.0,-2.0,3.0,2.0,1.0,-2.0,-1.0,-1.0,1.0,1.0,2.0,3.0,0.0,0.0,2,1,0,0,1,1,2.3200002,3.175,3.3075,2.355,1.61
6,1,U,N,N,N,0,1,Renofa Yamaguchi,5,MIDLE_DOWN,1.0,1.0,-2.0,-2.0,3.0,2.0,0.5,1.5,-3.0,-1.5,-1.5,1.0,0.0,2.0,3.0,0.0,0.0,0,1,1,1,1,1,Kamatamare Sanuki,10,MIDLE_UP,-1.666667,-10.333334,2.3333335,1.0,2.3333335,3.1666667,1.5000001,1.6666667,-1.8333335,-1.5,-0.33333334,1.0,0.0,3.0,2.0,0.0,0.0,1,2,1,0,1,0,2.1925,3.2375002,3.5925002,2.105,1.7524999
6,1,O,Y,Y,Y,3,5,Kyoto Sanga,4,MIDLE_DOWN,2.0714285,-1.9285715,1.0,1.0,1.0,1.75,0.5,1.25,-2.25,-0.5,-1.75,0.0,0.0,1.0,3.0,0.0,0.0,0,0,2,2,0,1,Montedio Yamagata,2,BOTTOM_TABLE,-4.6,-2.6,-2.0,1.0,1.0,1.0,0.0,1.0,-4.0,-2.0,-2.0,0.0,1.0,1.0,2.0,0.0,0.0,0,0,0,2,2,1,2.7175,3.0625,2.8,2.375,1.61
6,1,O,Y,N,Y,1,3,Ehime,4,BOTTOM_TABLE,2.0,1.0,-2.0,1.0,1.0,1.0,0.5,0.5,-2.0,-1.5,-0.5,1.0,0.0,2.0,0.0,0.0,0.0,0,0,1,3,1,0,Giravanz Kitakyushu,4,BOTTOM_TABLE,-2.5,-2.5,1.0,-2.0,-2.0,1.5,1.5,0.0,-3.5,-1.5,-2.0,0.0,0.0,1.0,1.0,0.0,0.0,1,0,1,0,1,2,2.27,3.0875,3.4624999,2.475,1.5899999
6,1,O,Y,Y,Y,2,3,Cerezo Osaka,13,TOP_TABLE,2.0,-10.0,3.0,3.0,3.0,4.5,1.5,3.0,-0.5,-0.5,0.0,1.0,0.0,2.0,1.0,0.0,0.0,1,3,1,0,0,0,JEF United,10,MIDLE_UP,7.5,0.5,3.0,2.9999998,-1.3333333,3.0,1.6666667,1.3333334,-1.0,-0.33333334,-0.6666667,0.0,0.0,1.0,2.0,0.0,0.0,2,1,1,0,0,1,2.1766665,3.216667,3.6499999,2.26,1.68
7,2,O,Y,Y,Y,2,3,Roasso Kumamoto,13,TOP_TABLE,10.875,-2.625,3.5,1.0,3.0,4.5,2.0,2.5,-1.5,-1.0,-0.5,0.0,0.0,1.0,1.0,0.0,0.0,2,2,0,1,1,0,Renofa Yamaguchi,8,MIDLE_UP,5.0,4.0,1.0,-2.0,-2.0,3.0,1.5,1.5,-3.0,-1.5,-1.5,0.0,0.0,1.0,3.0,0.0,0.0,1,1,1,1,1,1,2.8,3.15,2.5,2.38,1.55
7,2,U,Y,N,N,1,1,Montedio Yamagata,2,BOTTOM_TABLE,-6.3,-1.7000003,-2.6,-2.0,1.0,1.4,0.0,1.4,-4.6,-2.0,-2.6,0.0,1.0,1.0,3.0,0.0,0.0,0,0,0,2,2,2,Machida Zelvia,13,TOP_TABLE,10.476191,3.0,3.142857,2.3333335,3.0,4.166667,2.1666667,2.0,-1.8333334,-1.8333334,0.0,1.0,0.0,2.0,1.0,0.0,0.0,2,2,1,0,1,0,2.4966667,2.9533331,2.9766667,2.56,1.5350001
7,1,O,Y,N,Y,1,5,Kamatamare Sanuki,10,MIDLE_UP,-4.666667,-3.0,-10.333334,2.3333335,1.0,3.1666667,1.5000001,1.6666667,-2.8333335,-1.5,-1.3333334,1.0,0.0,3.0,1.0,0.0,0.0,1,2,1,0,1,1,Gifu,12,TOP_TABLE,8.722222,3.0555553,3.666667,3.0,3.0,3.75,2.0,1.75,-2.25,-1.0,-1.25,1.0,2.0,2.0,3.0,0.0,0.0,2,2,0,0,1,1,2.5733335,3.05,2.9466667,2.2849998,1.605
7,2,O,Y,Y,Y,2,3,Mito Hollyhock,5,BOTTOM_TABLE,1.6333332,5.5,-2.6666667,-1.2,1.0,1.9,1.4,0.5,-3.1,-1.6,-1.5,0.0,0.0,2.0,1.0,0.0,0.0,1,0,0,2,2,1,Ehime,7,MIDLE_DOWN,4.3333335,2.3333335,1.0,-2.0,1.0,1.6666667,1.1666667,0.5,-2.3333333,-1.8333334,-0.5,1.0,0.0,2.0,0.0,0.0,0.0,1,0,1,3,1,0,2.08,3.1499999,3.7833335,2.75,1.43
7,1,U,N,N,N,0,1,Matsumoto Yamaga,6,MIDLE_DOWN,2.0,1.0,1.0,-2.0,1.0,2.0,0.5,1.5,-3.0,-1.5,-1.5,0.0,1.0,3.0,1.0,0.0,0.0,0,1,1,2,1,1,Tokushima Vortis,4,BOTTOM_TABLE,4.9444456,-2.0555553,11.333334,-1.9999998,1.0,1.75,0.75,1.0,-4.25,-2.25,-2.0,1.0,0.0,3.0,2.0,0.0,0.0,0,1,1,0,2,2,1.7000002,3.55,5.1833334,2.365,1.595
7,2,U,N,N,N,0,1,ThespaKusatsu Gunma,7,MIDLE_UP,-0.99999976,-4.5,1.5,-1.3333333,-2.0,2.0,2.0,0.0,-3.0,-1.0,-2.0,2.0,0.0,3.0,0.0,0.0,0.0,2,0,0,1,1,2,Kyoto Sanga,7,MIDLE_DOWN,4.771428,2.6999996,-1.9285715,1.0,1.0,2.35,1.1,1.25,-2.65,-0.9,-1.75,1.0,0.0,2.0,3.0,0.0,0.0,1,0,2,2,0,1,3.4166667,3.2,2.18,2.38,1.55
7,1,U,Y,N,N,1,1,JEF United,10,MIDLE_UP,5.9358974,-1.5641026,0.5,3.0,2.9999998,3.3333333,1.6666667,1.6666667,-1.6666667,-0.33333334,-1.3333334,0.0,0.0,1.0,2.0,0.0,0.0,2,1,1,0,0,2,Zweigen Kanazawa,2,BOTTOM_TABLE,7.166667,-1.833333,12.0,-1.3333333,1.0,1.8333334,0.6666667,1.1666667,-3.1666667,-1.3333334,-1.8333334,1.0,2.0,2.0,3.0,0.0,0.0,0,0,1,1,2,2,1.8233334,3.4666665,4.8166666,1.8833333,1.3933333
7,2,O,Y,Y,N,3,4,Giravanz Kitakyushu,4,BOTTOM_TABLE,-3.8333333,-1.3333333,-2.5,1.0,-2.0,1.8333334,1.5,0.33333334,-4.1666665,-1.5,-2.6666667,0.0,0.0,1.0,2.0,0.0,0.0,1,0,1,0,1,3,Yokohama,7,MIDLE_DOWN,0.8333335,2.8333335,1.0,3.0,-2.0,1.6666667,1.0,0.6666667,-3.3333333,-2.0,-1.3333334,0.0,1.0,1.0,2.0,0.0,0.0,1,1,1,0,2,1,2.5425,3.0875,2.9675,2.5349998,1.5350001
7,2,U,N,N,N,0,2,Shimizu S-Pulse,11,MIDLE_UP,10.225,3.6250005,3.6,-2.0,1.0,3.0,0.0,3.0,-1.0,-1.0,0.0,0.0,0.0,0.0,2.0,0.0,0.0,0,3,2,0,1,0,Cerezo Osaka,16,TOP_TABLE,4.5641026,2.5641026,-10.0,3.0,3.0,5.1666665,2.1666667,3.0,-0.8333334,-0.8333334,0.0,1.0,0.0,2.0,1.0,0.0,0.0,2,3,1,0,0,0,2.5666666,3.25,2.75,2.205,1.685
7,1,U,Y,N,N,1,1,Consadole Sapporo,10,MIDLE_UP,5.9285717,-2.0,2.9285717,3.0,1.0,3.25,1.25,2.0,-2.75,-0.75,-2.0,1.0,1.0,3.0,2.0,0.0,0.0,1,2,1,0,0,2,Fagiano Okayama,12,TOP_TABLE,10.2,0.16666698,3.4999995,2.1999998,1.0,3.766667,2.6666667,1.1,-2.2333333,-1.3333334,-0.9,0.0,0.0,2.0,3.0,0.0,0.0,2,1,2,1,0,0,2.125,3.1049998,3.7124999,2.5149999,1.53
7,X,U,N,N,N,0,0,Tokyo Verdy,7,MIDLE_DOWN,2.357143,1.8333333,-2.142857,3.0,-2.0,2.8333335,2.0,0.8333334,-3.1666667,-1.0,-2.1666667,0.0,0.0,1.0,2.0,0.0,0.0,2,0,0,1,1,2,V-Varen Nagasaki,6,MIDLE_DOWN,0.8333335,1.0,-2.5,1.0,1.0,1.6666667,0.5,1.1666667,-3.3333335,-2.5,-0.8333334,1.0,1.0,2.0,2.0,0.0,0.0,0,1,1,2,2,0,2.95,2.9075003,2.71,2.735,1.4300001
8,2,U,Y,N,N,1,1,ThespaKusatsu Gunma,7,MIDLE_DOWN,-2.9999998,-2.0,-4.5,1.5,-1.3333333,2.0,2.0,0.0,-4.0,-2.0,-2.0,1.0,0.0,2.0,0.0,0.0,0.0,2,0,0,1,2,2,Fagiano Okayama,12,MIDLE_UP,8.0,-2.1999998,0.16666698,3.4999995,2.1999998,3.766667,2.6666667,1.1,-3.2333333,-1.3333334,-1.9,0.0,0.0,2.0,2.0,0.0,0.0,2,1,2,1,0,1,3.1,3.1,2.4650002,2.475,1.56
8,X,U,Y,Y,Y,2,2,Tokushima Vortis,4,BOTTOM_TABLE,2.611112,-2.3333335,-2.0555553,11.333334,-1.9999998,1.75,0.75,1.0,-5.25,-2.25,-3.0,1.0,0.0,3.0,2.0,0.0,0.0,0,1,1,0,2,3,Renofa Yamaguchi,11,MIDLE_UP,7.9583335,2.9583335,4.0,1.0,-2.0,3.6666667,1.5,2.1666667,-3.3333333,-1.5,-1.8333334,0.0,1.0,1.0,3.0,0.0,0.0,1,2,1,1,1,1,3.5833333,3.2333333,2.1499999,2.32,1.635
8,X,O,Y,Y,Y,2,4,Shimizu S-Pulse,11,MIDLE_UP,7.9125004,-2.3125,3.6250005,3.6,-2.0,3.0,0.0,3.0,-2.0,-2.0,0.0,0.0,0.0,1.0,2.0,0.0,0.0,0,3,2,0,2,0,Kamatamare Sanuki,13,TOP_TABLE,-2.266667,2.4,-3.0,-10.333334,2.3333335,3.766667,2.1000001,1.6666667,-3.2333336,-1.9,-1.3333334,1.0,0.0,3.0,1.0,0.0,0.0,2,2,1,0,1,1,1.5,3.75,7.275,2.15,1.68
8,2,U,Y,Y,N,2,2,Gifu,12,MIDLE_UP,7.322222,-1.4000001,3.0555553,3.666667,3.0,4.15,2.0,2.15,-2.85,-1.0,-1.85,1.0,1.0,2.0,4.0,0.0,0.0,2,2,0,0,1,2,Matsumoto Yamaga,9,MIDLE_DOWN,5.333333,3.333333,1.0,1.0,-2.0,3.0,1.5,1.5,-3.0,-1.5,-1.5,0.0,1.0,2.0,1.0,0.0,0.0,1,1,1,2,1,1,3.8333333,3.2833335,2.0566666,2.3400002,1.625
8,X,U,Y,N,Y,1,2,Montedio Yamagata,2,BOTTOM_TABLE,-9.146154,-2.8461542,-1.7000003,-2.6,-2.0,1.4,0.0,1.4,-5.6,-3.0,-2.6,0.0,1.0,1.0,3.0,0.0,0.0,0,0,0,2,3,2,Consadole Sapporo,13,TOP_TABLE,9.1285715,3.1999998,-2.0,2.9285717,3.0,4.25,2.25,2.0,-2.75,-0.75,-2.0,1.0,1.0,2.0,2.0,0.0,0.0,2,2,1,0,0,2,2.9433334,3.0999997,2.5033333,2.67,1.45
8,X,U,Y,N,Y,1,2,JEF United,13,MIDLE_UP,9.735897,3.7999997,-1.5641026,0.5,3.0,4.333333,2.6666667,1.6666667,-1.6666667,-0.33333334,-1.3333334,0.0,0.0,1.0,2.0,0.0,0.0,3,1,1,0,0,2,Machida Zelvia,16,TOP_TABLE,14.322344,3.8461533,3.0,3.142857,2.3333335,5.166667,2.1666667,3.0,-1.8333334,-1.8333334,0.0,1.0,0.0,2.0,1.0,0.0,0.0,2,3,1,0,1,0,2.54,3.0666666,3.0666666,2.48,1.53
8,X,U,Y,N,Y,1,2,Cerezo Osaka,19,TOP_TABLE,7.8766026,3.3125,2.5641026,-10.0,3.0,6.1666665,2.1666667,4.0,-0.8333334,-0.8333334,0.0,1.0,0.0,2.0,1.0,0.0,0.0,2,4,1,0,0,0,Giravanz Kitakyushu,4,BOTTOM_TABLE,-6.2619047,-2.4285715,-1.3333333,-2.5,1.0,1.8333334,1.5,0.33333334,-5.1666665,-2.5,-2.6666667,1.0,0.0,2.0,2.0,0.0,0.0,1,0,1,0,2,3,1.4,4.2833333,8.599999,1.96,1.8766667
8,X,U,Y,N,Y,1,2,Yokohama,10,MIDLE_UP,4.2619047,3.4285712,2.8333335,1.0,3.0,2.6666667,1.0,1.6666667,-3.3333333,-2.0,-1.3333334,0.0,2.0,1.0,2.0,0.0,0.0,1,2,1,0,2,1,Tokyo Verdy,8,MIDLE_DOWN,3.1904762,0.83333325,1.8333333,-2.142857,3.0,2.8333335,2.0,0.8333334,-3.1666667,-1.0,-2.1666667,0.0,0.0,0.0,2.0,0.0,0.0,2,0,1,1,1,2,2.9475,3.05,2.5725,2.7649999,1.4649999
8,1,O,Y,Y,Y,4,6,Renofa Yamaguchi,12,MIDLE_UP,7.2083335,-0.75,2.9583335,4.0,1.0,4.166667,1.5,2.6666667,-3.8333333,-1.5,-2.3333335,0.0,1.0,1.0,2.0,0.0,0.0,1,2,1,2,1,1,JEF United,14,TOP_TABLE,10.966666,1.2307692,3.7999997,-1.5641026,0.5,4.833333,3.1666667,1.6666667,-2.1666667,-0.8333334,-1.3333334,0.0,0.0,1.0,2.0,0.0,0.0,3,1,2,0,0,2,2.9875002,3.1,2.585,2.365,1.61
8,1,U,N,N,N,0,1,Machida Zelvia,17,TOP_TABLE,15.091575,0.76923084,3.8461533,3.0,3.142857,5.666667,2.1666667,3.5,-2.3333335,-1.8333334,-0.5,1.0,0.0,2.0,1.0,0.0,0.0,2,3,1,1,1,0,V-Varen Nagasaki,7,MIDLE_DOWN,2.0,1.1666665,1.0,-2.5,1.0,1.6666667,0.5,1.1666667,-3.3333335,-2.5,-0.8333334,1.0,0.0,2.0,1.0,0.0,0.0,0,1,1,3,2,0,2.39,2.95,3.3183334,2.6875,1.4549999
8,1,U,N,N,N,0,1,Consadole Sapporo,14,TOP_TABLE,4.6285715,-4.5,3.1999998,-2.0,2.9285717,4.75,2.25,2.5,-3.25,-0.75,-2.5,1.0,1.0,2.0,2.0,0.0,0.0,2,2,1,1,0,2,Cerezo Osaka,20,TOP_TABLE,5.1266026,-2.75,3.3125,2.5641026,-10.0,6.6666665,2.6666667,4.0,-1.3333334,-1.3333334,0.0,1.0,0.0,2.0,1.0,0.0,0.0,2,4,2,0,0,0,3.275,3.125,2.25,2.35,1.57
9,2,O,Y,N,N,1,3,Tokyo Verdy,9,MIDLE_DOWN,4.4404764,1.2500002,0.83333325,1.8333333,-2.142857,3.3333335,2.0,1.3333334,-3.6666667,-1.0,-2.6666667,0.0,0.0,0.0,2.0,0.0,0.0,2,0,1,2,1,2,Mito Hollyhock,5,BOTTOM_TABLE,0.014285564,-1.6190476,5.5,-2.6666667,-1.2,2.2333333,1.7333333,0.5,-3.7666667,-2.2666667,-1.5,1.0,0.0,2.0,1.0,0.0,0.0,1,0,0,2,3,1,2.5049999,2.9950001,3.11125,2.7849998,1.4449999
9,2,O,Y,Y,Y,2,3,Zweigen Kanazawa,2,BOTTOM_TABLE,4.366667,-2.8000002,-1.833333,12.0,-1.3333333,1.8333334,0.6666667,1.1666667,-4.166667,-1.3333334,-2.8333335,1.0,2.0,2.0,2.0,0.0,0.0,0,0,1,1,2,3,Gifu,12,MIDLE_UP,4.9888887,-2.3333335,-1.4000001,3.0555553,3.666667,4.15,2.0,2.15,-3.85,-2.0,-1.85,1.0,1.0,2.0,4.0,0.0,0.0,2,2,0,0,2,2,2.43,3.1499999,2.8999999,2.385,1.585
9,2,U,Y,N,N,1,1,Kyoto Sanga,10,MIDLE_DOWN,7.771428,3.0,2.6999996,-1.9285715,1.0,3.35,1.1,2.25,-2.65,-0.9,-1.75,1.0,0.0,2.0,2.0,0.0,0.0,1,1,2,2,0,1,Tokushima Vortis,5,BOTTOM_TABLE,5.361112,2.75,-2.3333335,-2.0555553,11.333334,2.25,1.25,1.0,-5.75,-2.75,-3.0,1.0,0.0,2.0,2.0,0.0,0.0,0,1,2,0,2,3,2.1666667,3.0999997,3.55,2.6,1.48
9,2,O,Y,N,Y,1,3,Giravanz Kitakyushu,5,BOTTOM_TABLE,-1.5119047,4.75,-2.4285715,-1.3333333,-2.5,2.3333335,1.5,0.8333334,-5.6666665,-2.5,-3.1666667,1.0,0.0,2.0,2.0,0.0,0.0,1,0,1,1,2,3,Shimizu S-Pulse,12,MIDLE_UP,9.094318,1.181818,-2.3125,3.6250005,3.6,3.5,0.5,3.0,-2.5,-2.5,0.0,0.0,0.0,1.0,2.0,0.0,0.0,0,3,3,0,2,0,4.1666665,3.45,1.87,2.085,1.77
9,1,U,N,N,N,0,1,Ehime,10,MIDLE_DOWN,6.952381,2.6190476,2.3333335,1.0,-2.0,2.3333335,1.1666667,1.1666667,-2.6666665,-1.8333334,-0.8333334,1.0,0.0,2.0,1.0,0.0,0.0,1,1,1,3,1,0,Kamatamare Sanuki,14,MIDLE_UP,-1.4484851,0.81818175,2.4,-3.0,-10.333334,4.266667,2.1000001,2.1666667,-3.7333336,-1.9,-1.8333334,1.0,0.0,3.0,2.0,0.0,0.0,2,2,1,1,1,1,2.1066668,3.1499999,3.6333332,2.6,1.48
9,1,O,Y,N,Y,1,3,Matsumoto Yamaga,12,MIDLE_UP,8.666666,3.333333,3.333333,1.0,1.0,4.0,1.5,2.5,-3.0,-1.5,-1.5,0.0,1.0,2.0,1.0,0.0,0.0,1,2,1,2,1,1,ThespaKusatsu Gunma,7,BOTTOM_TABLE,-5.416666,-2.4166663,-2.0,-4.5,1.5,2.0,2.0,0.0,-5.0,-3.0,-2.0,1.0,0.0,2.0,0.0,0.0,0.0,2,0,0,1,3,2,1.68,3.4833333,5.5166664,1.75,1.25
9,2,U,N,N,N,0,1,Fagiano Okayama,15,TOP_TABLE,11.416667,3.416667,-2.1999998,0.16666698,3.4999995,4.766667,2.6666667,2.1,-3.2333333,-1.3333334,-1.9,0.0,0.0,2.0,2.0,0.0,0.0,2,2,2,1,0,1,Montedio Yamagata,3,BOTTOM_TABLE,-2.6461544,6.5,-2.8461542,-1.7000003,-2.6,1.9,0.5,1.4,-6.1,-3.5,-2.6,0.0,1.0,1.0,3.0,0.0,0.0,0,0,1,2,3,2,2.28,3.0999997,3.3166668,2.5,1.5
9,2,O,N,N,Y,0,4,V-Varen Nagasaki,7,BOTTOM_TABLE,-0.5882354,-2.5882354,1.1666665,1.0,-2.5,1.6666667,0.5,1.1666667,-4.3333335,-2.5,-1.8333334,1.0,0.0,2.0,1.0,0.0,0.0,0,1,1,3,2,1,Yokohama,11,MIDLE_UP,5.0119047,0.75,3.4285712,2.8333335,1.0,3.1666667,1.5,1.6666667,-3.8333333,-2.5,-1.3333334,0.0,2.0,1.0,2.0,0.0,0.0,1,2,2,0,2,1,2.1066666,3.0666666,3.9866667,2.7649999,1.45
9,X,U,Y,N,Y,1,2,Kamatamare Sanuki,14,MIDLE_UP,-3.8484852,-2.4,0.81818175,2.4,-3.0,4.266667,2.1000001,2.1666667,-4.7333336,-1.9,-2.8333335,1.0,0.0,3.0,2.0,0.0,0.0,2,2,1,1,1,2,Giravanz Kitakyushu,5,BOTTOM_TABLE,-3.4285712,-1.9166665,4.75,-2.4285715,-1.3333333,2.6666667,1.8333334,0.8333334,-6.333333,-3.1666667,-3.1666667,1.0,0.0,2.0,2.0,0.0,0.0,1,0,1,1,3,3,2.6566668,3.0966666,2.7066667,2.56,1.5350001
9,2,O,Y,N,Y,1,3,Gifu,15,MIDLE_UP,8.155556,3.166667,-2.3333335,-1.4000001,3.0555553,4.8166666,2.0,2.8166668,-4.1833334,-2.0,-2.1833334,1.0,1.0,2.0,3.0,0.0,0.0,2,3,0,0,2,2,Renofa Yamaguchi,15,MIDLE_UP,9.708334,2.5000005,-0.75,2.9583335,4.0,4.8333335,2.1666667,2.6666667,-4.1666665,-1.8333334,-2.3333335,1.0,1.0,2.0,2.0,0.0,0.0,2,2,1,2,1,1,3.4825,3.4,2.115,2.07,1.78
9,X,O,Y,Y,Y,3,4,Fagiano Okayama,15,TOP_TABLE,5.416667,-6.0,3.416667,-2.1999998,0.16666698,4.766667,2.6666667,2.1,-4.2333336,-2.3333335,-1.9,0.0,0.0,2.0,2.0,0.0,0.0,2,2,2,1,1,1,Machida Zelvia,20,TOP_TABLE,18.67981,3.588235,0.76923084,3.8461533,3.0,6.666667,3.1666667,3.5,-2.3333335,-1.8333334,-0.5,0.0,0.0,1.0,1.0,0.0,0.0,3,3,1,1,1,0,2.90625,3.0125,2.6599998,2.705,1.4849999
10,1,U,Y,N,N,1,1,Consadole Sapporo,17,TOP_TABLE,8.057143,3.4285717,-4.5,3.1999998,-2.0,5.75,3.25,2.5,-3.25,-0.75,-2.5,1.0,1.0,2.0,2.0,0.0,0.0,3,2,1,1,0,2,Tokushima Vortis,8,MIDLE_DOWN,9.361113,4.0000005,2.75,-2.3333335,-2.0555553,3.25,1.25,2.0,-5.75,-2.75,-3.0,1.0,0.0,2.0,1.0,0.0,0.0,0,2,2,0,2,3,1.7375001,3.4725,5.2625,2.495,1.55
10,2,U,Y,N,N,1,2,Cerezo Osaka,20,TOP_TABLE,2.6980312,-2.4285715,-2.75,3.3125,2.5641026,6.6666665,2.6666667,4.0,-2.3333335,-1.3333334,-1.0,1.0,0.0,2.0,1.0,0.0,0.0,2,4,2,0,0,1,Kyoto Sanga,10,MIDLE_DOWN,4.771428,-3.0,3.0,2.6999996,-1.9285715,3.35,1.1,2.25,-3.65,-1.9,-1.75,1.0,0.0,2.0,2.0,0.0,0.0,1,1,2,2,1,1,1.6875,3.7225,5.225,2.05,1.81
10,1,O,Y,Y,Y,2,5,Shimizu S-Pulse,15,MIDLE_UP,12.010985,2.916667,1.181818,-2.3125,3.6250005,4.1666665,0.5,3.6666667,-2.8333333,-2.5,-0.33333334,0.0,0.0,1.0,2.0,0.0,0.0,0,4,3,0,2,0,Zweigen Kanazawa,2,BOTTOM_TABLE,2.2000003,-2.1666665,-2.8000002,-1.833333,12.0,2.1666667,1.0,1.1666667,-4.8333335,-2.0,-2.8333335,1.0,2.0,2.0,2.0,0.0,0.0,0,0,1,1,3,3,1.5474999,3.7975,6.6,2.0775,1.7749999
10,1,U,Y,N,N,1,1,Mito Hollyhock,8,MIDLE_DOWN,3.8142855,3.8,-1.6190476,5.5,-2.6666667,3.2333333,1.7333333,1.5,-3.7666667,-2.2666667,-1.5,1.0,0.0,2.0,1.0,0.0,0.0,1,1,0,2,3,1,JEF United,14,MIDLE_UP,9.466666,-1.5,1.2307692,3.7999997,-1.5641026,5.1666665,3.1666667,2.0,-2.8333335,-0.8333334,-2.0,0.0,1.0,1.0,3.0,0.0,0.0,3,1,2,0,0,3,3.2483332,3.0833333,2.4399998,2.475,1.56
10,X,U,N,N,N,0,0,Ehime,13,MIDLE_DOWN,10.352381,3.3999996,2.6190476,2.3333335,1.0,3.3333335,2.1666667,1.1666667,-2.6666665,-1.8333334,-0.8333334,0.0,0.0,2.0,1.0,0.0,0.0,2,1,1,3,1,0,Matsumoto Yamaga,15,TOP_TABLE,11.416666,2.75,3.333333,3.333333,1.0,4.6666665,2.1666667,2.5,-3.3333333,-1.8333334,-1.5,0.0,1.0,2.0,1.0,0.0,0.0,2,2,1,2,1,1,3.525,3.1125002,2.235,2.6399999,1.505
10,X,O,Y,Y,Y,3,4,ThespaKusatsu Gunma,7,BOTTOM_TABLE,-7.166666,-1.75,-2.4166663,-2.0,-4.5,2.3333333,2.0,0.33333334,-5.6666665,-3.0,-2.6666667,1.0,0.0,2.0,1.0,0.0,0.0,2,0,0,1,3,3,Tokyo Verdy,9,MIDLE_DOWN,1.6404765,-2.8,1.2500002,0.83333325,1.8333333,3.3333335,2.0,1.3333334,-4.666667,-2.0,-2.6666667,0.0,0.0,1.0,2.0,0.0,0.0,2,0,1,2,2,2,2.7833335,2.95,2.716667,2.67,1.45
10,2,U,Y,N,N,1,1,Zweigen Kanazawa,2,BOTTOM_TABLE,-0.2666664,-2.4666667,-2.1666665,-2.8000002,-1.833333,2.3666668,1.0,1.3666668,-5.6333337,-2.0,-3.6333334,1.0,2.0,2.0,3.0,0.0,0.0,0,0,1,1,3,4,Consadole Sapporo,20,TOP_TABLE,11.5865555,3.5294123,3.4285717,-4.5,3.1999998,6.75,4.25,2.5,-3.25,-0.75,-2.5,1.0,1.0,1.0,2.0,0.0,0.0,4,2,1,1,0,2,4.7,3.375,1.785,2.42,1.52
10,2,U,N,N,N,0,2,Yokohama,14,MIDLE_UP,7.875541,2.8636365,0.75,3.4285712,2.8333335,3.9166667,1.5,2.4166667,-4.083333,-2.5,-1.5833334,0.0,1.0,1.0,3.0,0.0,0.0,1,3,2,0,2,1,Fagiano Okayama,16,MIDLE_UP,6.7500005,1.3333335,-6.0,3.416667,-2.1999998,5.266667,3.1666667,2.1,-4.7333336,-2.8333335,-1.9,0.0,0.0,2.0,2.0,0.0,0.0,2,2,3,1,1,1,3.05,2.975,2.45,2.75,1.43
10,1,U,N,N,N,0,1,Tokushima Vortis,8,MIDLE_DOWN,6.831701,-2.5294118,4.0000005,2.75,-2.3333335,3.25,1.25,2.0,-6.75,-2.75,-4.0,1.0,0.0,2.0,1.0,0.0,0.0,0,2,2,0,2,4,Mito Hollyhock,11,MIDLE_DOWN,7.5642853,3.7499998,3.8,-1.6190476,5.5,4.2333336,2.7333333,1.5,-3.7666667,-2.2666667,-1.5,1.0,0.0,2.0,1.0,0.0,0.0,2,1,0,2,3,1,2.9250002,2.975,2.55,2.6,1.48
10,1,U,N,N,N,0,2,Renofa Yamaguchi,18,TOP_TABLE,12.041668,2.333334,2.5000005,-0.75,2.9583335,5.5,2.1666667,3.3333335,-4.5,-1.8333334,-2.6666667,1.0,1.0,2.0,2.0,0.0,0.0,2,3,1,2,1,1,ThespaKusatsu Gunma,8,BOTTOM_TABLE,-5.880952,1.2857141,-1.75,-2.4166663,-2.0,2.8333333,2.5,0.33333334,-6.1666665,-3.5,-2.6666667,1.0,0.0,2.0,1.0,0.0,0.0,2,0,1,1,3,3,1.7850001,3.45,4.515,2.2,1.65
10,2,U,Y,N,N,1,1,Matsumoto Yamaga,16,MIDLE_UP,12.26282,0.8461542,2.75,3.333333,3.333333,4.6666665,2.1666667,2.5,-3.3333333,-1.8333334,-1.5,0.0,1.0,2.0,1.0,0.0,0.0,2,2,1,3,1,1,Cerezo Osaka,20,TOP_TABLE,-0.3019688,-3.0,-2.4285715,-2.75,3.3125,6.6666665,2.6666667,4.0,-3.3333335,-2.3333335,-1.0,1.0,0.0,2.0,1.0,0.0,0.0,2,4,2,0,1,1,3.175,3.1,2.3249998,2.38,1.55
11,X,O,Y,Y,Y,2,4,Giravanz Kitakyushu,6,BOTTOM_TABLE,-0.6285713,2.8,-1.9166665,4.75,-2.4285715,3.1666667,1.8333334,1.3333334,-6.833333,-3.1666667,-3.6666667,1.0,0.0,2.0,2.0,0.0,0.0,1,0,1,2,3,3,V-Varen Nagasaki,7,BOTTOM_TABLE,-2.4518719,-1.8636365,-2.5882354,1.1666665,1.0,1.9166667,0.75,1.1666667,-5.0833335,-3.25,-1.8333334,1.0,0.0,2.0,1.0,0.0,0.0,0,1,1,3,3,1,3.25,3.0666666,2.3233335,2.5,1.5
11,X,U,Y,Y,Y,2,2,Machida Zelvia,21,TOP_TABLE,19.346476,0.66666603,3.588235,0.76923084,3.8461533,7.166667,3.1666667,4.0,-2.8333335,-1.8333334,-1.0,0.0,1.0,1.0,2.0,0.0,0.0,3,3,1,2,1,0,Gifu,15,MIDLE_UP,6.8222227,-1.333333,3.166667,-2.3333335,-1.4000001,5.15,2.3333333,2.8166668,-4.85,-2.6666667,-2.1833334,1.0,1.0,2.0,3.0,0.0,0.0,2,3,0,0,3,2,1.705,3.655,5.2,2.18,1.705
11,1,O,N,N,Y,0,3,Kyoto Sanga,13,MIDLE_DOWN,8.771428,4.0,-3.0,3.0,2.6999996,4.35,1.1,3.25,-3.65,-1.9,-1.75,1.0,0.0,2.0,2.0,0.0,0.0,1,2,2,2,1,1,Shimizu S-Pulse,18,TOP_TABLE,15.477652,3.4666662,2.916667,1.181818,-2.3125,4.9666667,1.3,3.6666667,-3.0333333,-2.7,-0.33333334,1.0,0.0,2.0,2.0,0.0,0.0,1,4,3,0,2,0,3.9049997,3.3975,1.99,2.2175,1.6825001
11,2,U,N,N,N,0,1,Tokyo Verdy,10,MIDLE_DOWN,2.354762,0.7142856,-2.8,1.2500002,0.83333325,3.8333335,2.0,1.8333334,-5.166667,-2.0,-3.1666667,0.0,1.0,1.0,2.0,0.0,0.0,2,0,1,3,2,2,Montedio Yamagata,6,BOTTOM_TABLE,4.3538456,7.0,6.5,-2.8461542,-1.7000003,2.9,0.5,2.4,-6.1,-3.5,-2.6,0.0,1.0,1.0,2.0,0.0,0.0,0,1,1,2,3,2,3.6333332,3.0333335,2.1766667,2.6,1.48
11,X,U,Y,N,Y,1,2,JEF United,14,MIDLE_UP,6.716666,-2.75,-1.5,1.2307692,3.7999997,5.1666665,3.1666667,2.0,-3.8333335,-0.8333334,-3.0,0.0,1.0,1.0,2.0,0.0,0.0,3,1,2,0,0,4,Kamatamare Sanuki,15,MIDLE_UP,-4.648485,-0.79999995,-2.4,0.81818175,2.4,4.766667,2.6000001,2.1666667,-5.2333336,-2.4,-2.8333335,1.0,0.0,3.0,2.0,0.0,0.0,2,2,2,1,1,2,1.86,3.4966667,4.5133333,2.2866666,1.6633333
11,2,O,Y,Y,N,2,3,Tokushima Vortis,11,MIDLE_DOWN,10.206701,3.3750005,-2.5294118,4.0000005,2.75,4.25,2.25,2.0,-6.75,-2.75,-4.0,1.0,0.0,2.0,1.0,0.0,0.0,1,2,2,0,2,4,Yokohama,14,MIDLE_UP,5.750541,-2.125,2.8636365,0.75,3.4285712,3.9166667,1.5,2.4166667,-5.083333,-3.5,-1.5833334,0.0,1.0,1.0,3.0,0.0,0.0,1,3,2,0,3,1,2.8486664,2.9833333,2.72,2.5500002,1.5025
11,X,U,N,N,Y,0,2,Mito Hollyhock,11,MIDLE_DOWN,5.1892853,-2.375,3.7499998,3.8,-1.6190476,4.2333336,2.7333333,1.5,-4.7666664,-2.2666667,-2.5,1.0,0.0,2.0,1.0,0.0,0.0,2,1,0,2,3,2,Giravanz Kitakyushu,7,BOTTOM_TABLE,0.53809536,1.1666666,2.8,-1.9166665,4.75,3.6666667,2.3333335,1.3333334,-7.333333,-3.6666667,-3.6666667,1.0,0.0,2.0,2.0,0.0,0.0,1,0,2,2,3,3,2.1233332,3.2133334,3.6666667,2.335,1.625
11,2,U,Y,N,N,1,1,Kamatamare Sanuki,16,MIDLE_UP,-3.7199137,0.92857146,-0.79999995,-2.4,0.81818175,5.266667,2.6000001,2.6666667,-5.7333336,-2.4,-3.3333335,1.0,0.0,3.0,2.0,0.0,0.0,2,2,2,2,1,2,Machida Zelvia,22,TOP_TABLE,19.946476,0.6000004,0.66666603,3.588235,0.76923084,7.666667,3.6666667,4.0,-3.3333335,-2.3333335,-1.0,1.0,1.0,1.0,2.0,0.0,0.0,3,3,2,2,1,0,4.075,3.3000002,1.89,2.42,1.52
11,2,O,Y,N,N,1,3,V-Varen Nagasaki,8,BOTTOM_TABLE,-1.6185386,0.83333325,-1.8636365,-2.5882354,1.1666665,2.4166667,0.75,1.6666667,-5.5833335,-3.25,-2.3333335,1.0,0.0,2.0,2.0,0.0,0.0,0,1,1,4,3,1,Fagiano Okayama,19,TOP_TABLE,9.875,3.1249995,1.3333335,-6.0,3.416667,6.266667,3.1666667,3.1,-4.7333336,-2.8333335,-1.9,0.0,0.0,2.0,2.0,0.0,0.0,2,3,3,1,1,1,2.8033333,3.05,2.6366665,2.6,1.48
11,2,O,Y,Y,N,2,4,Tokyo Verdy,10,MIDLE_DOWN,-0.31190467,-2.6666667,0.7142856,-2.8,1.2500002,3.8333335,2.0,1.8333334,-6.166667,-3.0,-3.1666667,0.0,1.0,1.0,2.0,0.0,0.0,2,0,1,3,3,2,Matsumoto Yamaga,16,MIDLE_UP,10.06282,-2.1999998,0.8461542,2.75,3.333333,4.6666665,2.1666667,2.5,-4.333333,-2.8333335,-1.5,0.0,1.0,2.0,1.0,0.0,0.0,2,2,1,3,2,1,4.2000003,3.3499997,1.8866667,2.42,1.52
11,1,O,Y,Y,Y,3,4,Montedio Yamagata,9,BOTTOM_TABLE,8.020513,3.666667,7.0,6.5,-2.8461542,3.9,0.5,3.4,-6.1,-3.5,-2.6,0.0,1.0,1.0,2.0,0.0,0.0,0,2,1,2,3,2,ThespaKusatsu Gunma,8,BOTTOM_TABLE,-8.436507,-2.5555553,1.2857141,-1.75,-2.4166663,2.8333333,2.5,0.33333334,-7.1666665,-3.5,-3.6666667,1.0,0.0,2.0,1.0,0.0,0.0,2,0,1,1,3,4,1.9033333,3.3333333,4.1833334,2.35,1.605
12,X,U,N,N,Y,0,2,Kyoto Sanga,16,MIDLE_UP,11.489377,2.717949,4.0,-3.0,3.0,5.0166664,1.7666667,3.25,-3.9833333,-2.2333333,-1.75,0.0,0.0,2.0,2.0,0.0,0.0,2,2,2,2,1,1,JEF United,15,MIDLE_UP,7.7880945,1.0714283,-2.75,-1.5,1.2307692,5.6666665,3.6666667,2.0,-4.3333335,-1.3333334,-3.0,0.0,1.0,1.0,2.0,0.0,0.0,3,1,3,0,0,4,2.75,3.325,2.56,2.245,1.66
12,2,U,N,N,N,0,1,Renofa Yamaguchi,21,TOP_TABLE,15.597223,3.5555553,2.333334,2.5000005,-0.75,6.5,3.1666667,3.3333335,-4.5,-1.8333334,-2.6666667,1.0,1.0,2.0,2.0,0.0,0.0,3,3,1,2,1,1,Zweigen Kanazawa,2,BOTTOM_TABLE,-3.1666665,-2.9,-2.4666667,-2.1666665,-2.8000002,2.3666668,1.0,1.3666668,-6.6333337,-3.0,-3.6333334,1.0,2.0,2.0,3.0,0.0,0.0,0,0,1,1,4,4,1.6433334,3.7833335,5.2999997,2.2333333,1.6533333
12,X,U,N,N,N,0,0,Ehime,14,MIDLE_DOWN,11.506227,1.1538458,3.3999996,2.6190476,2.3333335,3.3333335,2.1666667,1.1666667,-2.6666665,-1.8333334,-0.8333334,0.0,0.0,1.0,1.0,0.0,0.0,2,1,2,3,1,0,Cerezo Osaka,23,TOP_TABLE,2.8980312,3.2,-3.0,-2.4285715,-2.75,7.6666665,2.6666667,5.0,-3.3333335,-2.3333335,-1.0,1.0,0.0,2.0,1.0,0.0,0.0,2,5,2,0,1,1,4.5333333,3.3333333,1.83,2.6,1.48
12,X,U,Y,Y,Y,2,2,Gifu,16,MIDLE_UP,8.222222,1.3999996,-1.333333,3.166667,-2.3333335,5.65,2.3333333,3.3166668,-5.35,-2.6666667,-2.6833334,1.0,1.0,2.0,3.0,0.0,0.0,2,3,0,1,3,2,Shimizu S-Pulse,18,MIDLE_UP,13.759703,-1.7179489,3.4666662,2.916667,1.181818,5.3,1.3,4.0,-3.7,-2.7,-1.0,1.0,0.0,2.0,2.0,0.0,0.0,1,4,3,0,2,1,5.15,3.8125,1.6725,2.0275,1.7900001
12,X,U,Y,N,Y,1,2,Zweigen Kanazawa,5,BOTTOM_TABLE,9.333334,12.5,-2.9,-2.4666667,-2.1666665,3.3666668,1.0,2.3666668,-6.6333337,-3.0,-3.6333334,1.0,1.0,2.0,2.0,0.0,0.0,0,1,1,1,4,4,Tokyo Verdy,10,BOTTOM_TABLE,-2.6869047,-2.375,-2.6666667,0.7142856,-2.8,3.8333335,2.0,1.8333334,-7.166667,-4.0,-3.1666667,0.0,1.0,1.0,2.0,0.0,0.0,2,0,1,3,4,2,3.1483333,3.0466664,2.4733331,2.58,1.5250001
12,X,U,N,N,Y,0,2,V-Varen Nagasaki,8,BOTTOM_TABLE,-4.197486,-2.5789473,0.83333325,-1.8636365,-2.5882354,2.4166667,0.75,1.6666667,-6.5833335,-4.25,-2.3333335,1.0,0.0,2.0,2.0,0.0,0.0,0,1,1,4,4,1,Montedio Yamagata,12,MIDLE_DOWN,10.631624,2.6111116,3.666667,7.0,6.5,4.65,1.25,3.4,-6.35,-3.75,-2.6,1.0,1.0,1.0,2.0,0.0,0.0,1,2,1,2,3,2,2.8,3.0600002,2.6533332,2.445,1.5
12,2,U,N,N,N,0,1,Shimizu S-Pulse,19,MIDLE_UP,14.634703,0.875,-1.7179489,3.4666662,2.916667,5.8,1.3,4.5,-4.2,-2.7,-1.5,1.0,0.0,2.0,2.0,0.0,0.0,1,4,3,1,2,1,Tokushima Vortis,11,MIDLE_DOWN,7.9924154,-2.2142859,3.3750005,-2.5294118,4.0000005,4.25,2.25,2.0,-7.75,-3.75,-4.0,1.0,0.0,2.0,1.0,0.0,0.0,1,2,2,0,3,4,1.4649999,4.0,7.5,2.1,1.7
12,2,U,N,N,N,0,1,Mito Hollyhock,12,MIDLE_DOWN,5.6178565,0.42857122,-2.375,3.7499998,3.8,4.7333336,3.2333333,1.5,-5.2666664,-2.7666667,-2.5,0.0,0.0,2.0,1.0,0.0,0.0,2,1,1,2,3,2,Consadole Sapporo,23,TOP_TABLE,15.486555,3.8999996,3.5294123,3.4285717,-4.5,7.75,4.25,3.5,-3.25,-0.75,-2.5,1.0,1.0,1.0,2.0,0.0,0.0,4,3,1,1,0,2,2.5066667,2.4466667,1.9166666,2.525,1.5350001
12,X,U,N,N,N,0,0,Matsumoto Yamaga,19,TOP_TABLE,13.43782,3.375,-2.1999998,0.8461542,2.75,5.6666665,2.1666667,3.5,-4.333333,-2.8333335,-1.5,0.0,1.0,2.0,1.0,0.0,0.0,2,3,1,3,2,1,Kamatamare Sanuki,16,MIDLE_UP,-5.992641,-2.2727273,0.92857146,-0.79999995,-2.4,5.266667,2.6000001,2.6666667,-6.7333336,-3.4,-3.3333335,1.0,0.0,3.0,2.0,0.0,0.0,2,2,2,2,2,2,1.5133333,3.9166667,7.15,2.245,1.675
12,2,U,N,N,N,0,1,Fagiano Okayama,22,TOP_TABLE,13.453947,3.578947,3.1249995,1.3333335,-6.0,7.266667,3.1666667,4.1,-4.7333336,-2.8333335,-1.9,0.0,0.0,2.0,2.0,0.0,0.0,2,4,3,1,1,1,Gifu,17,MIDLE_UP,9.347222,1.125,1.3999996,-1.333333,3.166667,6.15,2.8333333,3.3166668,-5.85,-3.1666667,-2.6833334,1.0,1.0,2.0,3.0,0.0,0.0,2,3,1,1,3,2,1.84,3.5,4.2933335,2.23,1.6700001
12,1,O,Y,N,Y,1,4,ThespaKusatsu Gunma,8,BOTTOM_TABLE,-10.047619,-1.6111116,-2.5555553,1.2857141,-1.75,3.0833333,2.5,0.5833334,-7.9166665,-3.5,-4.416667,1.0,0.0,2.0,1.0,0.0,0.0,2,0,1,1,3,5,Yokohama,17,MIDLE_UP,8.964827,3.2142854,-2.125,2.8636365,0.75,4.916667,1.5,3.4166667,-5.083333,-3.5,-1.5833334,0.0,1.0,1.0,3.0,0.0,0.0,1,4,2,0,3,1,3.01,3.0875,2.5124998,2.4450002,1.5699999
13,2,U,N,N,N,0,1,Machida Zelvia,25,TOP_TABLE,23.219204,3.272728,0.6000004,0.66666603,3.588235,8.666667,3.6666667,5.0,-3.3333335,-2.3333335,-1.0,1.0,1.0,1.0,1.0,0.0,0.0,3,4,2,2,1,0,Giravanz Kitakyushu,8,BOTTOM_TABLE,2.1095238,1.5714284,1.1666666,2.8,-1.9166665,4.166667,2.3333335,1.8333334,-7.833333,-3.6666667,-4.166667,1.0,0.0,2.0,2.0,0.0,0.0,1,0,2,3,3,3,1.75,3.475,5.125,2.3400002,1.625
13,1,U,N,N,N,0,2,JEF United,16,MIDLE_UP,8.854761,1.0666666,1.0714283,-2.75,-1.5,6.1666665,3.6666667,2.5,-4.8333335,-1.3333334,-3.5,0.0,1.0,1.0,2.0,0.0,0.0,3,1,3,1,0,4,Roasso Kumamoto,13,MIDLE_DOWN,8.916667,-1.958333,-2.625,3.5,1.0,4.8333335,2.3333333,2.5,-2.1666667,-1.6666667,-0.5,1.0,0.0,1.0,1.0,0.0,0.0,2,2,0,1,2,0,1.7733332,3.6499999,4.7133336,2.3366668,1.6333333
13,2,U,N,N,N,0,1,Ehime,15,MIDLE_DOWN,13.149084,1.6428576,1.1538458,3.3999996,2.6190476,3.3333335,2.1666667,1.1666667,-2.6666665,-1.8333334,-0.8333334,0.0,0.0,1.0,1.0,0.0,0.0,2,1,3,3,1,0,Kyoto Sanga,17,MIDLE_UP,12.42271,0.9333334,2.717949,4.0,-3.0,5.5166664,2.2666667,3.25,-4.4833336,-2.7333333,-1.75,0.0,0.0,2.0,2.0,0.0,0.0,2,2,3,2,1,1,2.89625,3.0125,2.6550002,2.75,1.47
13,2,O,Y,Y,Y,3,6,Cerezo Osaka,24,TOP_TABLE,3.2551742,0.35714293,3.2,-3.0,-2.4285715,7.6666665,2.6666667,5.0,-3.3333335,-2.3333335,-1.0,1.0,0.0,2.0,1.0,0.0,0.0,2,5,2,1,1,1,Renofa Yamaguchi,21,TOP_TABLE,4.0972233,-11.5,3.5555553,2.333334,2.5000005,6.5,3.1666667,3.3333335,-5.5,-2.8333335,-2.6666667,1.0,1.0,2.0,2.0,0.0,0.0,3,3,1,2,2,1,1.7733332,3.5,4.7166667,2.3049998,1.63
13,1,O,Y,N,Y,1,3,Zweigen Kanazawa,6,BOTTOM_TABLE,11.333334,2.0,12.5,-2.9,-2.4666667,3.8666668,1.5,2.3666668,-7.1333337,-3.5,-3.6333334,1.0,1.0,2.0,2.0,0.0,0.0,0,1,2,1,4,4,Ehime,15,MIDLE_DOWN,11.031437,-2.1176472,1.6428576,1.1538458,3.3999996,3.3333335,2.1666667,1.1666667,-3.6666665,-2.8333335,-0.8333334,0.0,0.0,1.0,1.0,0.0,0.0,2,1,3,3,2,0,2.8333333,2.8833332,2.7533333,3.2,1.32
13,X,U,Y,N,Y,1,2,Tokushima Vortis,14,MIDLE_DOWN,11.719688,3.727273,-2.2142859,3.3750005,-2.5294118,5.25,2.25,3.0,-7.75,-3.75,-4.0,1.0,0.0,2.0,1.0,0.0,0.0,1,3,2,0,3,4,ThespaKusatsu Gunma,11,BOTTOM_TABLE,-6.422619,3.625,-1.6111116,-2.5555553,1.2857141,3.8333333,3.25,0.5833334,-8.166666,-3.75,-4.416667,1.0,0.0,2.0,1.0,0.0,0.0,3,0,1,1,3,5,2.4275002,2.9675002,3.305,2.67,1.5
13,X,U,N,N,N,0,0,Montedio Yamagata,13,MIDLE_DOWN,11.131624,0.5,2.6111116,3.666667,7.0,5.15,1.25,3.9,-6.85,-3.75,-3.1,1.0,0.0,1.0,2.0,0.0,0.0,1,2,1,3,3,2,Zweigen Kanazawa,9,BOTTOM_TABLE,15.166667,3.833333,2.0,12.5,-2.9,4.5333333,2.1666667,2.3666668,-7.466667,-3.8333333,-3.6333334,1.0,1.0,2.0,2.0,0.0,0.0,1,1,2,1,4,4,1.7625,3.4424999,4.7725,2.335,1.625
13,1,U,N,N,N,0,1,Matsumoto Yamaga,20,TOP_TABLE,14.25032,0.8125,3.375,-2.1999998,0.8461542,5.6666665,2.1666667,3.5,-4.333333,-2.8333335,-1.5,0.0,1.0,2.0,1.0,0.0,0.0,2,3,2,3,2,1,Machida Zelvia,25,TOP_TABLE,19.094204,-4.125,3.272728,0.6000004,0.66666603,8.666667,3.6666667,5.0,-4.3333335,-3.3333335,-1.0,0.0,1.0,1.0,1.0,0.0,0.0,3,4,2,2,2,0,2.65,3.03,2.88,2.6125,1.515
13,2,U,Y,N,N,1,1,Kamatamare Sanuki,17,MIDLE_UP,-4.805141,1.1875,-2.2727273,0.92857146,-0.79999995,5.266667,2.6000001,2.6666667,-6.7333336,-3.4,-3.3333335,1.0,0.0,3.0,1.0,0.0,0.0,2,2,2,3,2,2,Consadole Sapporo,26,TOP_TABLE,18.964817,3.478262,3.8999996,3.5294123,3.4285717,8.75,4.25,4.5,-3.25,-0.75,-2.5,1.0,1.0,1.0,1.0,0.0,0.0,4,4,1,1,0,2,4.22,3.1366665,1.9966666,2.88,1.4
13,2,O,Y,Y,Y,2,3,Giravanz Kitakyushu,11,BOTTOM_TABLE,7.234524,5.125,1.5714284,1.1666666,2.8,5.166667,2.3333335,2.8333335,-7.833333,-3.6666667,-4.166667,1.0,0.0,2.0,1.0,0.0,0.0,1,1,2,3,3,3,Kyoto Sanga,20,MIDLE_UP,15.540358,3.1176472,0.9333334,2.717949,4.0,6.5166664,2.2666667,4.25,-4.4833336,-2.7333333,-1.75,0.0,0.0,2.0,2.0,0.0,0.0,2,3,3,2,1,1,3.3260002,3.166,2.328,2.29,1.66
13,1,O,Y,N,Y,1,3,Fagiano Okayama,22,TOP_TABLE,11.159829,-2.294118,3.578947,3.1249995,1.3333335,7.266667,3.1666667,4.1,-5.7333336,-3.8333335,-1.9,0.0,0.0,2.0,2.0,0.0,0.0,2,4,3,1,2,1,Ehime,15,MIDLE_DOWN,8.198103,-2.833334,-2.1176472,1.6428576,1.1538458,3.6666667,2.1666667,1.5000001,-4.333333,-2.8333335,-1.5,0.0,0.0,1.0,1.0,0.0,0.0,2,1,3,3,2,1,2.1880002,3.12,3.654,2.545,1.54
14,2,U,N,N,N,0,1,Roasso Kumamoto,13,MIDLE_DOWN,6.729167,-2.1875,-1.958333,-2.625,3.5,4.8333335,2.3333333,2.5,-3.1666667,-1.6666667,-1.5,1.0,0.0,1.0,1.0,0.0,0.0,2,2,0,1,2,1,Mito Hollyhock,12,MIDLE_DOWN,3.1395955,-2.478261,0.42857122,-2.375,3.7499998,4.7333336,3.2333333,1.5,-6.2666664,-3.7666667,-2.5,0.0,0.0,2.0,1.0,0.0,0.0,2,1,1,2,4,2,3.352,3.0540001,2.3860002,2.7350001,1.4749999
14,X,U,N,N,Y,0,2,Yokohama,17,MIDLE_UP,6.3398266,-2.625,3.2142854,-2.125,2.8636365,5.166667,1.5,3.6666667,-5.833333,-3.5,-2.3333335,0.0,1.0,1.0,3.0,0.0,0.0,1,4,2,0,3,2,Cerezo Osaka,24,TOP_TABLE,1.7789836,-1.4761906,0.35714293,3.2,-3.0,8.0,3.0,5.0,-4.0,-3.0000002,-1.0,1.0,0.0,3.0,1.0,0.0,0.0,2,5,2,1,2,1,4.9675,3.6399999,1.7275001,2.12,1.735
14,1,O,Y,Y,Y,3,3,Tokyo Verdy,11,BOTTOM_TABLE,-2.6869047,0.0,-2.375,-2.6666667,0.7142856,4.3333335,2.0,2.3333335,-7.666667,-4.0,-3.6666667,0.0,1.0,1.0,2.0,0.0,0.0,2,0,1,4,4,2,Shimizu S-Pulse,19,MIDLE_UP,11.90743,-2.727273,0.875,-1.7179489,3.4666662,5.8,1.3,4.5,-5.2,-3.7,-1.5,0.0,0.0,2.0,2.0,0.0,0.0,1,4,3,1,3,1,4.496,3.4819999,1.856,2.2166667,1.7000002
14,2,O,Y,Y,N,2,3,Renofa Yamaguchi,24,TOP_TABLE,6.573414,2.4761906,-11.5,3.5555553,2.333334,7.1666665,3.1666667,4.0,-5.8333335,-2.8333335,-3.0,1.0,1.0,2.0,3.0,0.0,0.0,3,4,1,2,2,1,V-Varen Nagasaki,9,BOTTOM_TABLE,-2.697486,1.5,-2.5789473,0.83333325,-1.8636365,2.9166667,1.25,1.6666667,-7.0833335,-4.75,-2.3333335,1.0,0.0,2.0,2.0,0.0,0.0,0,1,2,4,4,1,2.2099998,3.248,3.47,2.27,1.6613332
14,1,O,Y,Y,Y,2,5,JEF United,19,MIDLE_UP,12.042261,3.1875,1.0666666,1.0714283,-2.75,7.1666665,4.666667,2.5,-4.8333335,-1.3333334,-3.5,0.0,1.0,1.0,2.0,0.0,0.0,4,1,3,1,0,4,Gifu,20,MIDLE_UP,12.64134,3.294118,1.125,1.3999996,-1.333333,7.15,2.8333333,4.3166666,-5.85,-3.1666667,-2.6833334,1.0,1.0,2.0,3.0,0.0,0.0,2,4,1,1,3,2,1.815,3.56,4.7875,2.2,1.69
14,1,U,Y,N,N,1,1,Tokushima Vortis,15,MIDLE_DOWN,12.446961,0.727273,3.727273,-2.2142859,3.3750005,5.75,2.75,3.0,-8.25,-4.25,-4.0,1.0,0.0,2.0,1.0,0.0,0.0,1,3,3,0,3,4,Giravanz Kitakyushu,11,BOTTOM_TABLE,5.4511905,-1.7833333,5.125,1.5714284,1.1666666,5.5000005,2.6666667,2.8333335,-8.5,-4.3333335,-4.166667,1.0,0.0,2.0,1.0,0.0,0.0,1,1,2,3,4,3,2.5575,3.07,3.01,2.545,1.54
14,X,U,N,N,Y,0,2,Kamatamare Sanuki,17,MIDLE_UP,-7.1512947,-2.3461537,1.1875,-2.2727273,0.92857146,5.266667,2.6000001,2.6666667,-7.7333336,-4.4,-3.3333335,1.0,0.0,2.0,1.0,0.0,0.0,2,2,2,3,3,2,Mito Hollyhock,15,MIDLE_DOWN,6.222929,3.0833335,-2.478261,0.42857122,-2.375,5.7333336,3.2333333,2.5,-6.2666664,-3.7666667,-2.5,0.0,0.0,2.0,1.0,0.0,0.0,2,2,1,2,4,2,3.255,2.9724998,2.4924998,2.875,1.4449999
14,1,O,Y,Y,N,4,8,Shimizu S-Pulse,19,MIDLE_UP,9.846824,-2.060606,-2.727273,0.875,-1.7179489,6.1333337,1.3,4.8333335,-5.8666663,-3.7,-2.1666667,0.0,1.0,2.0,2.0,0.0,0.0,1,4,3,1,3,2,ThespaKusatsu Gunma,12,BOTTOM_TABLE,-5.149892,1.272727,3.625,-1.6111116,-2.5555553,4.333333,3.25,1.0833334,-8.666666,-3.75,-4.916667,1.0,0.0,2.0,1.0,0.0,0.0,3,0,1,2,3,5,1.6359999,3.822,5.738,2.1200001,1.7459999
14,1,U,N,N,N,0,1,Kyoto Sanga,23,MIDLE_UP,18.32369,2.7833328,3.1176472,0.9333334,2.717949,7.183333,2.2666667,4.9166665,-4.816667,-2.7333333,-2.0833333,0.0,0.0,2.0,2.0,0.0,0.0,2,4,3,2,1,1,Yokohama,18,MIDLE_UP,7.751591,1.4117646,-2.625,3.2142854,-2.125,5.666667,2.0,3.6666667,-6.333333,-4.0,-2.3333335,0.0,1.0,1.0,3.0,0.0,0.0,1,4,3,0,3,2,2.068,3.236,3.9099998,1.9333334,1.3966666
14,1,O,N,N,Y,0,4,Consadole Sapporo,29,TOP_TABLE,22.31097,3.3461533,3.478262,3.8999996,3.5294123,9.75,4.25,5.5,-3.25,-0.75,-2.5,1.0,1.0,1.0,1.0,0.0,0.0,4,5,1,1,0,2,Renofa Yamaguchi,24,TOP_TABLE,2.9067473,-3.6666665,2.4761906,-11.5,3.5555553,7.1666665,3.1666667,4.0,-6.8333335,-3.8333335,-3.0,1.0,1.0,2.0,3.0,0.0,0.0,3,4,1,2,3,1,2.254,3.272,3.35,2.2633333,1.6733333
14,2,U,Y,N,N,1,1,Gifu,20,MIDLE_UP,11.388708,-1.2526321,3.294118,1.125,1.3999996,7.55,2.8333333,4.7166667,-6.45,-3.1666667,-3.2833333,1.0,1.0,2.0,3.0,0.0,0.0,2,4,1,1,3,3,Montedio Yamagata,14,MIDLE_DOWN,11.68718,0.55555534,0.5,2.6111116,3.666667,5.15,1.25,3.9,-6.85,-3.75,-3.1,1.0,0.0,1.0,2.0,0.0,0.0,1,2,2,3,3,2,3.094,3.2220001,2.426,2.3466666,1.6266667
15,X,U,Y,Y,Y,2,2,V-Varen Nagasaki,12,BOTTOM_TABLE,1.9691806,4.6666665,1.5,-2.5789473,0.83333325,3.9166667,1.25,2.6666667,-7.0833335,-4.75,-2.3333335,1.0,1.0,2.0,2.0,0.0,0.0,0,2,2,4,4,1,JEF United,22,MIDLE_UP,14.294893,2.2526321,3.1875,1.0666666,1.0714283,7.7666664,5.266667,2.5,-5.2333336,-1.7333333,-3.5,0.0,1.0,2.0,2.0,0.0,0.0,5,1,3,1,0,4,3.0165,3.0475001,2.6100001,2.4650002,1.565
15,1,O,Y,Y,Y,2,3,Cerezo Osaka,25,TOP_TABLE,2.367219,0.5882354,-1.4761906,0.35714293,3.2,8.5,3.0,5.5,-4.5,-3.0000002,-1.5,1.0,0.0,3.0,1.0,0.0,0.0,2,5,2,2,2,1,Fagiano Okayama,25,TOP_TABLE,13.811344,2.651515,-2.294118,3.578947,3.1249995,7.9333334,3.8333335,4.1,-6.066667,-4.166667,-1.9,0.0,0.0,2.0,2.0,0.0,0.0,3,4,3,1,2,1,2.02,3.338,3.9599998,1.9066668,1.4066666
15,2,U,Y,N,N,1,2,Roasso Kumamoto,13,BOTTOM_TABLE,4.6458335,-2.0833335,-2.1875,-1.958333,-2.625,4.8333335,2.3333333,2.5,-4.166667,-2.6666667,-1.5,0.0,0.0,1.0,1.0,0.0,0.0,2,2,0,1,3,1,Machida Zelvia,25,TOP_TABLE,16.844204,-2.25,-4.125,3.272728,0.6000004,8.666667,3.6666667,5.0,-5.3333335,-3.3333335,-2.0,0.0,1.0,1.0,1.0,0.0,0.0,3,4,2,2,2,1,4.214,3.1420002,2.036,2.72,1.48
15,2,U,Y,N,N,1,2,Zweigen Kanazawa,10,BOTTOM_TABLE,16.61111,1.4444437,3.833333,2.0,12.5,4.5333333,2.1666667,2.3666668,-7.466667,-3.8333333,-3.6333334,1.0,1.0,2.0,2.0,0.0,0.0,1,1,2,2,4,4,Matsumoto Yamaga,23,MIDLE_UP,17.50032,3.25,0.8125,3.375,-2.1999998,6.6666665,3.1666667,3.5,-4.333333,-2.8333335,-1.5,0.0,1.0,1.0,1.0,0.0,0.0,3,3,2,3,2,1,5.1699996,3.5399997,1.75,2.44,1.575
15,X,U,N,N,N,0,0,Ehime,15,MIDLE_DOWN,6.546588,-1.651515,-2.833334,-2.1176472,1.6428576,4.0,2.1666667,1.8333335,-4.9999995,-2.8333335,-2.1666667,0.0,0.0,1.0,1.0,0.0,0.0,2,1,3,3,2,2,Tokyo Verdy,14,MIDLE_DOWN,0.37370157,3.0606062,0.0,-2.375,-2.6666667,5.0,2.6666667,2.3333335,-8.0,-4.3333335,-3.6666667,0.0,1.0,1.0,2.0,0.0,0.0,3,0,1,4,4,2,2.494,3.064,3.126,2.67,1.5
15,1,O,Y,Y,Y,2,4,Renofa Yamaguchi,24,TOP_TABLE,1.2343335,-1.6724138,-3.6666665,2.4761906,-11.5,7.4166665,3.1666667,4.25,-7.5833335,-3.8333335,-3.75,1.0,1.0,2.0,3.0,0.0,0.0,3,4,1,2,3,2,Tokyo Verdy,15,MIDLE_DOWN,1.4451301,1.0714285,3.0606062,0.0,-2.375,5.0,2.6666667,2.3333335,-8.0,-4.3333335,-3.6666667,0.0,1.0,1.0,2.0,0.0,0.0,3,0,1,5,4,2,2.0566666,3.2933333,3.7566664,2.256667,1.64
15,2,O,Y,Y,Y,6,6,Gifu,20,MIDLE_UP,8.960136,-2.4285717,-1.2526321,3.294118,1.125,7.55,2.8333333,4.7166667,-7.45,-4.166667,-3.2833333,1.0,1.0,2.0,3.0,0.0,0.0,2,4,1,1,4,3,V-Varen Nagasaki,13,BOTTOM_TABLE,3.8025138,1.8333333,4.6666665,1.5,-2.5789473,4.416667,1.75,2.6666667,-7.5833335,-5.25,-2.3333335,1.0,1.0,2.0,2.0,0.0,0.0,0,2,3,4,4,1,3.5566666,3.1566665,2.1766667,2.5,1.5
15,1,O,Y,N,Y,1,3,Fagiano Okayama,25,MIDLE_UP,12.478011,-1.333333,2.651515,-2.294118,3.578947,8.266666,3.8333335,4.4333334,-6.7333336,-4.166667,-2.5666666,0.0,0.0,2.0,2.0,0.0,0.0,3,4,3,1,2,2,Roasso Kumamoto,13,BOTTOM_TABLE,2.1658335,-2.48,-2.0833335,-2.1875,-1.958333,4.8333335,2.3333333,2.5,-5.166667,-3.6666667,-1.5,0.0,0.0,1.0,1.0,0.0,0.0,2,2,0,1,4,1,1.9499999,3.2333333,4.27,2.67,1.45
15,X,U,N,N,N,0,0,Montedio Yamagata,17,MIDLE_DOWN,15.115751,3.4285717,0.55555534,0.5,2.6111116,6.15,1.25,4.9,-6.85,-3.75,-3.1,1.0,0.0,1.0,2.0,0.0,0.0,1,3,2,3,3,2,Yokohama,18,MIDLE_UP,5.5341997,-2.2173915,1.4117646,-2.625,3.2142854,5.666667,2.0,3.6666667,-7.333333,-4.0,-3.3333335,0.0,1.0,1.0,2.0,0.0,0.0,1,4,3,0,3,3,2.0874999,3.2150002,3.7875001,1.75,1.25
15,1,O,Y,N,Y,1,3,Matsumoto Yamaga,26,TOP_TABLE,21.065538,3.565218,3.25,0.8125,3.375,7.6666665,3.1666667,4.5,-4.333333,-2.8333335,-1.5,0.0,1.0,1.0,1.0,0.0,0.0,3,4,2,3,2,1,Giravanz Kitakyushu,11,BOTTOM_TABLE,3.1845238,-2.2666667,-1.7833333,5.125,1.5714284,5.5000005,2.6666667,2.8333335,-9.5,-4.3333335,-5.166667,1.0,0.0,2.0,1.0,0.0,0.0,1,1,2,3,4,4,1.6025,3.6525002,6.44,2.4099998,1.575
15,X,U,N,N,N,0,0,Mito Hollyhock,16,MIDLE_DOWN,7.356262,1.1333332,3.0833335,-2.478261,0.42857122,6.2333336,3.2333333,3.0,-6.7666664,-3.7666667,-3.0,0.0,0.0,2.0,1.0,0.0,0.0,2,2,1,3,4,2,Shimizu S-Pulse,22,MIDLE_UP,13.215244,3.3684206,-2.060606,-2.727273,0.875,7.1333337,2.3,4.8333335,-5.8666663,-3.7,-2.1666667,1.0,1.0,2.0,2.0,0.0,0.0,2,4,3,1,3,2,3.6599998,3.2875,2.1,2.28,1.645
16,1,U,Y,N,N,1,1,Machida Zelvia,28,TOP_TABLE,20.324203,3.4799995,-2.25,-4.125,3.272728,9.666667,3.6666667,6.0,-5.3333335,-3.3333335,-2.0,0.0,1.0,1.0,1.0,0.0,0.0,3,5,2,2,2,1,Tokushima Vortis,18,MIDLE_DOWN,15.713628,3.2666664,0.727273,3.727273,-2.2142859,6.75,3.75,3.0,-8.25,-4.25,-4.0,1.0,0.0,2.0,1.0,0.0,0.0,2,3,3,0,3,4,1.83,3.3575,4.755,2.67,1.45
16,2,O,Y,N,Y,1,5,Cerezo Osaka,28,TOP_TABLE,4.7005525,2.3333335,0.5882354,-1.4761906,0.35714293,9.166667,3.6666667,5.5,-4.8333335,-3.3333335,-1.5,1.0,0.0,3.0,1.0,0.0,0.0,3,5,2,2,2,1,Kamatamare Sanuki,18,MIDLE_DOWN,-6.284628,0.8666668,-2.3461537,1.1875,-2.2727273,5.766667,3.1000001,2.6666667,-8.233334,-4.9,-3.3333335,0.0,0.0,2.0,1.0,0.0,0.0,2,2,3,3,3,2,1.5225,3.95,6.9825,2.2150002,1.6800001
16,X,U,Y,N,Y,1,2,Zweigen Kanazawa,10,BOTTOM_TABLE,14.045893,-2.565218,1.4444437,3.833333,2.0,4.5333333,2.1666667,2.3666668,-8.466667,-4.833333,-3.6333334,1.0,1.0,2.0,2.0,0.0,0.0,1,1,2,2,5,4,Kyoto Sanga,26,MIDLE_UP,21.541082,3.217392,2.7833328,3.1176472,0.9333334,8.183332,3.2666667,4.9166665,-4.816667,-2.7333333,-2.0833333,0.0,0.0,2.0,2.0,0.0,0.0,3,4,3,2,1,1,3.7649999,3.215,2.0900002,2.5,1.5
16,X,O,Y,Y,Y,3,4,Consadole Sapporo,32,TOP_TABLE,24.983383,2.6724129,3.3461533,3.478262,3.8999996,10.5,5.0,5.5,-3.5,-1.0,-2.5,0.0,1.0,2.0,1.0,0.0,0.0,5,5,1,1,0,2,JEF United,23,MIDLE_UP,14.46156,0.16666698,2.2526321,3.1875,1.0666666,8.266666,5.266667,3.0,-5.7333336,-1.7333333,-4.0,0.0,1.0,2.0,2.0,0.0,0.0,5,1,3,2,0,4,2.7933333,3.1466665,2.6633334,2.5,1.5
16,2,O,Y,Y,Y,2,3,ThespaKusatsu Gunma,12,BOTTOM_TABLE,-7.518313,-2.368421,1.272727,3.625,-1.6111116,4.333333,3.25,1.0833334,-9.666666,-3.75,-5.916667,1.0,1.0,2.0,2.0,0.0,0.0,3,0,1,2,3,6,Ehime,16,MIDLE_DOWN,7.475159,0.9285712,-1.651515,-2.833334,-2.1176472,4.0,2.1666667,1.8333335,-4.9999995,-2.8333335,-2.1666667,0.0,0.0,1.0,1.0,0.0,0.0,2,1,4,3,2,2,3.1699998,3.12,2.3825,2.67,1.45
16,X,U,Y,Y,Y,2,2,Yokohama,19,MIDLE_UP,6.475376,0.9411764,-2.2173915,1.4117646,-2.625,5.666667,2.0,3.6666667,-7.333333,-4.0,-3.3333335,0.0,1.0,1.0,2.0,0.0,0.0,1,4,3,1,3,3,Mito Hollyhock,17,MIDLE_DOWN,8.731262,1.375,1.1333332,3.0833335,-2.478261,6.2333336,3.2333333,3.0,-6.7666664,-3.7666667,-3.0,0.0,0.0,1.0,1.0,0.0,0.0,2,2,2,3,4,2,3.1725001,3.0375,2.43,2.67,1.45
16,2,O,Y,N,Y,1,3,V-Varen Nagasaki,16,MIDLE_DOWN,6.674309,2.871795,1.8333333,4.6666665,1.5,5.0833335,1.75,3.3333335,-7.916667,-5.25,-2.6666667,1.0,1.0,2.0,2.0,0.0,0.0,0,3,3,4,4,1,Cerezo Osaka,28,TOP_TABLE,2.9449968,-1.7555556,2.3333335,0.5882354,-1.4761906,9.566667,4.0666666,5.5,-5.4333334,-3.9333334,-1.5,1.0,0.0,3.0,1.0,0.0,0.0,3,5,2,2,3,1,3.6425002,3.175,2.15,1.7,1.265
16,X,U,Y,N,Y,1,2,Tokyo Verdy,15,BOTTOM_TABLE,-0.4298699,-1.875,1.0714285,3.0606062,0.0,5.25,2.6666667,2.5833335,-8.75,-4.3333335,-4.416667,0.0,1.0,1.0,2.0,0.0,0.0,3,0,1,5,4,3,Gifu,20,MIDLE_UP,7.0883417,-1.8717947,-2.4285717,-1.2526321,3.294118,7.8833337,3.1666665,4.7166667,-8.116667,-4.8333335,-3.2833333,2.0,1.0,2.0,3.0,0.0,0.0,2,4,1,1,5,3,2.3725002,3.22,3.085,2.29,1.64
16,2,O,Y,Y,Y,3,5,Tokushima Vortis,18,MIDLE_DOWN,13.356485,-2.3571424,3.2666664,0.727273,3.727273,6.75,3.75,3.0,-9.25,-4.25,-5.0,1.0,0.0,2.0,1.0,0.0,0.0,2,3,3,0,3,5,Fagiano Okayama,28,TOP_TABLE,15.291345,2.8133335,-1.333333,2.651515,-2.294118,8.933333,4.5,4.4333334,-7.066667,-4.5000005,-2.5666666,0.0,0.0,2.0,2.0,0.0,0.0,4,4,3,1,2,2,3.7324998,3.135,2.1475,2.5,1.5
16,1,O,Y,Y,Y,5,7,Roasso Kumamoto,13,BOTTOM_TABLE,0.3525002,-1.8133333,-2.48,-2.0833335,-2.1875,5.166667,2.3333333,2.8333333,-5.8333335,-3.6666667,-2.1666667,0.0,0.0,1.0,2.0,0.0,0.0,2,2,0,1,4,2,Zweigen Kanazawa,11,BOTTOM_TABLE,16.645893,2.6000004,-2.565218,1.4444437,3.833333,5.0333333,2.6666667,2.3666668,-8.966667,-5.333333,-3.6333334,1.0,1.0,2.0,2.0,0.0,0.0,1,1,3,2,5,4,2.3975,3.0049999,3.275,2.75,1.43
16,X,U,Y,Y,Y,2,2,Renofa Yamaguchi,27,MIDLE_UP,4.1093335,2.875,-1.6724138,-3.6666665,2.4761906,8.166666,3.9166667,4.25,-7.8333335,-4.0833335,-3.75,1.0,1.0,2.0,3.0,0.0,0.0,4,4,1,2,3,2,Ehime,19,MIDLE_DOWN,10.058493,2.5833335,0.9285712,-1.651515,-2.833334,4.6666665,2.1666667,2.5000002,-5.333333,-2.8333335,-2.5,0.0,1.0,1.0,2.0,0.0,0.0,2,2,4,3,2,2,2.1025,3.28,3.6725001,2.0625,1.7925
17,1,O,Y,Y,Y,2,5,Matsumoto Yamaga,29,TOP_TABLE,23.975796,2.9102573,3.565218,3.25,0.8125,8.333333,3.8333335,4.5,-4.6666665,-3.1666667,-1.5,0.0,1.0,2.0,1.0,0.0,0.0,4,4,2,3,2,1,Consadole Sapporo,33,TOP_TABLE,25.59208,0.608696,2.6724129,3.3461533,3.478262,11.0,5.5,5.5,-4.0,-1.5,-2.5,1.0,1.0,2.0,1.0,0.0,0.0,5,5,2,1,0,2,2.1574998,3.1075,3.7125,2.6,1.48
17,2,O,Y,N,Y,1,3,Machida Zelvia,31,TOP_TABLE,23.681347,3.3571434,3.4799995,-2.25,-4.125,10.666667,4.666667,6.0,-5.3333335,-3.3333335,-2.0,0.0,1.0,1.0,1.0,0.0,0.0,4,5,2,2,2,1,Shimizu S-Pulse,23,MIDLE_UP,13.840244,0.625,3.3684206,-2.060606,-2.727273,7.1333337,2.3,4.8333335,-5.8666663,-3.7,-2.1666667,1.0,1.0,2.0,2.0,0.0,0.0,2,4,3,2,3,2,3.4524999,3.2649999,2.1825,2.27,1.65
17,2,O,N,N,Y,0,4,Kamatamare Sanuki,21,MIDLE_UP,-3.5290723,2.7555556,0.8666668,-2.3461537,1.1875,6.366667,3.1000001,3.266667,-8.633333,-4.9,-3.7333336,0.0,0.0,2.0,2.0,0.0,0.0,2,3,3,3,3,2,Kyoto Sanga,27,MIDLE_UP,20.941082,-0.6000004,3.217392,2.7833328,3.1176472,8.683332,3.2666667,5.4166665,-5.316667,-2.7333333,-2.5833333,0.0,0.0,2.0,2.0,0.0,0.0,3,4,3,3,1,1,3.925,3.1775,2.0625,2.38,1.55
17,1,O,Y,Y,N,2,3,JEF United,24,MIDLE_UP,15.852864,1.391304,0.16666698,2.2526321,3.1875,8.766666,5.266667,3.5,-6.2333336,-1.7333333,-4.5,0.0,1.0,2.0,2.0,0.0,0.0,5,1,3,3,0,4,Montedio Yamagata,18,MIDLE_DOWN,16.174576,1.0588245,3.4285717,0.55555534,0.5,6.15,1.25,4.9,-6.85,-3.75,-3.1,0.0,0.0,1.0,2.0,0.0,0.0,1,3,3,3,3,2,2.2966664,3.1633332,3.3733332,2.42,1.52
17,2,O,Y,Y,N,2,3,Giravanz Kitakyushu,11,BOTTOM_TABLE,1.2742674,-1.9102564,-2.2666667,-1.7833333,5.125,5.833334,2.6666667,3.1666667,-10.166667,-4.3333335,-5.8333335,1.0,0.0,2.0,1.0,0.0,0.0,1,1,2,3,4,5,ThespaKusatsu Gunma,12,BOTTOM_TABLE,-9.101646,-1.5833335,-2.368421,1.272727,3.625,4.6666665,3.5833333,1.0833334,-10.333333,-4.4166665,-5.916667,1.0,1.0,2.0,2.0,0.0,0.0,3,0,1,2,4,6,2.3,3.1900003,3.2875,2.4333334,1.5833334
17,1,O,Y,N,N,1,3,Shimizu S-Pulse,26,MIDLE_UP,16.521404,2.68116,0.625,3.3684206,-2.060606,7.8,2.3,5.5,-6.2,-3.7,-2.5,1.0,1.0,2.0,2.0,0.0,0.0,2,5,3,2,3,2,Yokohama,20,MIDLE_UP,7.357729,0.8823528,0.9411764,-2.2173915,1.4117646,6.166667,2.5,3.6666667,-7.833333,-4.5,-3.3333335,0.0,1.0,1.0,2.0,0.0,0.0,1,4,4,1,3,3,1.7000002,3.5933332,5.3166666,2.1166666,1.7199999
17,X,O,Y,N,Y,1,4,Mito Hollyhock,18,MIDLE_DOWN,9.848909,1.1176472,1.375,1.1333332,3.0833335,6.7333336,3.2333333,3.5,-7.2666664,-3.7666667,-3.5,0.0,0.0,1.0,1.0,0.0,0.0,2,2,2,4,4,2,Machida Zelvia,31,TOP_TABLE,22.000187,-1.68116,3.3571434,3.4799995,-2.25,11.0,5.0000005,6.0,-6.0,-4.0,-2.0,0.0,1.0,1.0,1.0,0.0,0.0,4,5,2,2,3,1,3.2066667,3.04,2.4166667,2.85,1.4
17,2,U,Y,N,N,1,1,Gifu,21,MIDLE_UP,7.755008,0.6666665,-1.8717947,-2.4285717,-1.2526321,8.383333,3.1666665,5.2166667,-8.616667,-4.8333335,-3.7833333,2.0,1.0,2.0,3.0,0.0,0.0,2,4,1,2,5,3,Cerezo Osaka,31,TOP_TABLE,5.7069016,2.7619047,-1.7555556,2.3333335,0.5882354,10.233334,4.0666666,6.1666665,-5.766667,-3.9333334,-1.8333334,1.0,0.0,3.0,1.0,0.0,0.0,3,6,2,2,3,1,4.6966667,3.4966667,1.8033333,2.1599998,1.715
17,1,O,Y,N,Y,1,3,Montedio Yamagata,18,MIDLE_DOWN,13.924576,-2.25,1.0588245,3.4285717,0.55555534,6.15,1.25,4.9,-7.85,-3.75,-4.1,0.0,1.0,1.0,2.0,0.0,0.0,1,3,3,3,3,3,Kamatamare Sanuki,21,MIDLE_UP,-5.2512946,-1.7222223,2.7555556,0.8666668,-2.3461537,6.616667,3.3500001,3.266667,-9.383333,-5.65,-3.7333336,0.0,0.0,2.0,2.0,0.0,0.0,2,3,3,3,4,2,1.8375001,3.4075,4.6425,1.71,1.26
17,1,O,Y,Y,Y,3,5,Giravanz Kitakyushu,11,BOTTOM_TABLE,-0.80906606,-2.0833335,-1.9102564,-2.2666667,-1.7833333,5.833334,2.6666667,3.1666667,-11.166667,-5.3333335,-5.8333335,1.0,0.0,2.0,1.0,0.0,0.0,1,1,2,3,5,5,Zweigen Kanazawa,11,BOTTOM_TABLE,15.063476,-1.5824175,2.6000004,-2.565218,1.4444437,5.3190475,2.6666667,2.6523812,-9.680953,-5.333333,-4.347619,1.0,2.0,2.0,3.0,0.0,0.0,1,1,3,2,5,5,2.57,3.135,2.885,2.365,1.595
17,X,U,N,N,Y,0,2,ThespaKusatsu Gunma,15,BOTTOM_TABLE,-6.0183134,3.083333,-1.5833335,-2.368421,1.272727,5.6666665,3.5833333,2.0833335,-10.333333,-4.4166665,-5.916667,1.0,1.0,2.0,2.0,0.0,0.0,3,1,1,2,4,6,Roasso Kumamoto,16,MIDLE_DOWN,2.934918,2.5824177,-1.8133333,-2.48,-2.0833335,5.880953,3.0476189,2.8333333,-6.1190476,-3.9523811,-2.1666667,1.0,0.0,2.0,2.0,0.0,0.0,3,2,0,1,4,2,2.9875,3.0625,2.53,1.69,1.275
18,1,O,Y,Y,N,2,3,Kyoto Sanga,30,TOP_TABLE,23.663303,2.7222214,-0.6000004,3.217392,2.7833328,9.433332,3.2666667,6.1666665,-5.566667,-2.7333333,-2.8333333,0.0,0.0,2.0,2.0,0.0,0.0,3,5,3,3,1,1,Renofa Yamaguchi,28,MIDLE_UP,4.688281,0.57894754,2.875,-1.6724138,-3.6666665,8.666666,4.416667,4.25,-8.333334,-4.5833335,-3.75,1.0,1.0,2.0,3.0,0.0,0.0,4,4,2,2,3,2,2.3799999,3.3849998,2.935,1.9449999,1.8975
18,X,O,N,N,Y,0,4,JEF United,27,MIDLE_UP,19.102863,3.249999,1.391304,0.16666698,2.2526321,9.766666,6.266667,3.5,-6.2333336,-1.7333333,-4.5,0.0,1.0,2.0,2.0,0.0,0.0,6,1,3,3,0,4,Tokyo Verdy,16,BOTTOM_TABLE,0.9034635,1.3333334,-1.875,1.0714285,3.0606062,5.75,3.1666667,2.5833335,-9.25,-4.8333335,-4.416667,0.0,1.0,1.0,2.0,0.0,0.0,3,0,2,5,4,3,1.73,3.5633335,5.286667,2.3,1.635
18,1,O,Y,N,Y,1,3,Fagiano Okayama,31,TOP_TABLE,17.848488,2.5571432,2.8133335,-1.333333,2.651515,9.533334,4.5,5.0333333,-7.466667,-4.5000005,-2.9666667,0.0,1.0,2.0,2.0,0.0,0.0,4,5,3,1,2,2,Matsumoto Yamaga,32,TOP_TABLE,26.313726,2.3379307,2.9102573,3.565218,3.25,8.933333,4.4333334,4.5,-5.0666666,-3.5666668,-1.5,0.0,1.0,2.0,1.0,0.0,0.0,5,4,2,3,2,1,3.2324998,3.145,2.3375,2.365,1.595
18,2,U,Y,Y,N,2,2,Ehime,20,MIDLE_DOWN,11.479546,1.4210529,2.5833335,0.9285712,-1.651515,5.1666665,2.1666667,3.0000002,-5.833333,-2.8333335,-3.0,0.0,1.0,1.0,2.0,0.0,0.0,2,2,4,4,2,2,Tokushima Vortis,18,MIDLE_DOWN,11.799342,-1.5571432,-2.3571424,3.2666664,0.727273,7.15,4.15,3.0,-9.85,-4.85,-5.0,1.0,0.0,2.0,1.0,0.0,0.0,2,3,3,0,4,5,2.4275,2.955,3.295,3.0,1.38
18,1,O,Y,Y,Y,3,3,Consadole Sapporo,33,TOP_TABLE,24.254148,-1.3379307,0.608696,2.6724129,3.3461533,11.4,5.5,5.9,-4.6,-1.5,-3.1,1.0,1.0,2.0,2.0,0.0,0.0,5,5,2,1,0,3,V-Varen Nagasaki,16,BOTTOM_TABLE,4.912404,-1.7619047,2.871795,1.8333333,4.6666665,5.416667,2.0833333,3.3333335,-8.583334,-5.9166665,-2.6666667,1.0,1.0,2.0,2.0,0.0,0.0,0,3,3,4,5,1,2.0325,3.3025,3.865,2.475,1.535
18,1,U,Y,N,N,1,1,Consadole Sapporo,36,TOP_TABLE,27.102634,2.848486,-1.3379307,0.608696,2.6724129,12.066667,6.1666665,5.9,-4.9333334,-1.8333334,-3.1,1.0,1.0,2.0,2.0,0.0,0.0,6,5,2,1,0,3,Giravanz Kitakyushu,14,BOTTOM_TABLE,1.3909338,2.1999998,-2.0833335,-1.9102564,-2.2666667,6.433334,3.266667,3.1666667,-11.566667,-5.7333336,-5.8333335,1.0,0.0,2.0,1.0,0.0,0.0,2,1,2,3,5,5,1.475,4.1525,7.3,2.1425,1.7225001
18,2,O,Y,N,Y,1,3,Yokohama,20,MIDLE_DOWN,5.12696,-2.2307692,0.8823528,0.9411764,-2.2173915,6.166667,2.5,3.6666667,-8.833333,-4.5,-4.3333335,0.0,1.0,1.0,2.0,0.0,0.0,1,4,4,1,3,4,Gifu,21,MIDLE_DOWN,5.4324274,-2.3225808,0.6666665,-1.8717947,-2.4285717,8.383333,3.1666665,5.2166667,-9.616667,-5.8333335,-3.7833333,2.0,1.0,2.0,3.0,0.0,0.0,2,4,1,2,6,3,2.4239998,3.23,3.0716002,2.215,1.6824999
18,X,O,Y,N,Y,1,4,V-Varen Nagasaki,16,BOTTOM_TABLE,3.0639193,-1.8484848,-1.7619047,2.871795,1.8333333,5.7500005,2.0833333,3.6666667,-9.250001,-5.9166665,-3.3333335,1.0,1.0,2.0,2.0,0.0,0.0,0,3,3,4,5,2,ThespaKusatsu Gunma,16,BOTTOM_TABLE,-4.951647,1.0666666,3.083333,-1.5833335,-2.368421,6.1666665,4.083333,2.0833335,-10.833333,-4.9166665,-5.916667,1.0,1.0,2.0,2.0,0.0,0.0,3,1,2,2,4,6,1.826,3.514,4.6,2.18,1.7025
18,1,O,Y,N,Y,1,3,Tokyo Verdy,17,BOTTOM_TABLE,2.5909634,1.6874999,1.3333334,-1.875,1.0714285,6.25,3.1666667,3.0833335,-9.75,-4.8333335,-4.916667,0.0,1.0,1.0,2.0,0.0,0.0,3,0,2,6,4,3,Kyoto Sanga,33,TOP_TABLE,26.729969,3.0666656,2.7222214,-0.6000004,3.217392,10.433332,4.2666664,6.1666665,-5.566667,-2.7333333,-2.8333333,0.0,0.0,2.0,2.0,0.0,0.0,4,5,3,3,1,1,3.4380002,3.2540002,2.216,2.27,1.6524999
18,X,U,Y,Y,Y,2,2,Shimizu S-Pulse,29,MIDLE_UP,19.752174,3.23077,2.68116,0.625,3.3684206,8.8,3.3,5.5,-6.2,-3.7,-2.5,1.0,1.0,2.0,2.0,0.0,0.0,3,5,3,2,3,2,JEF United,28,MIDLE_UP,19.415363,0.3125,3.249999,1.391304,0.16666698,10.266666,6.766667,3.5,-6.7333336,-2.2333333,-4.5,0.0,1.0,2.0,2.0,0.0,0.0,6,1,4,3,0,4,2.2300003,3.4333334,3.2666667,2.0166667,1.84
18,1,U,Y,Y,N,2,2,Roasso Kumamoto,17,BOTTOM_TABLE,3.8682513,0.9333334,2.5824177,-1.8133333,-2.48,6.380953,3.0476189,3.3333333,-6.6190476,-3.9523811,-2.6666667,1.0,0.0,2.0,2.0,0.0,0.0,3,2,0,2,4,2,Kamatamare Sanuki,21,MIDLE_UP,-6.7512946,-1.5,-1.7222223,2.7555556,0.8666668,6.9500003,3.3500001,3.6000001,-10.05,-5.65,-4.4,0.0,0.0,2.0,2.0,0.0,0.0,2,3,3,3,4,3,2.2140002,3.218,3.506,2.0525002,1.4475
19,1,U,N,N,N,0,1,Renofa Yamaguchi,28,MIDLE_UP,2.6216145,-2.0666666,0.57894754,2.875,-1.6724138,8.666666,4.416667,4.25,-9.333334,-4.5833335,-4.75,1.0,1.0,2.0,3.0,0.0,0.0,4,4,2,2,3,3,Mito Hollyhock,19,MIDLE_DOWN,11.571132,1.7222223,1.1176472,1.375,1.1333332,7.2333336,3.7333333,3.5,-7.7666664,-4.2666664,-3.5,0.0,0.0,2.0,1.0,0.0,0.0,2,2,3,4,4,2,2.2150002,3.275,3.3850002,2.1766667,1.6866666
19,1,U,N,N,N,0,1,Matsumoto Yamaga,32,TOP_TABLE,24.948135,-1.365591,2.3379307,2.9102573,3.565218,9.266666,4.4333334,4.8333335,-5.733333,-3.5666668,-2.1666667,0.0,1.0,2.0,1.0,0.0,0.0,5,4,2,3,2,2,Montedio Yamagata,21,MIDLE_UP,16.424576,2.5,-2.25,1.0588245,3.4285717,6.8166666,1.9166667,4.9,-8.183333,-4.0833335,-4.1,0.0,1.0,1.0,2.0,0.0,0.0,2,3,3,3,3,3,2.1274998,3.2324998,3.6599998,2.41,1.565
19,2,U,N,N,N,0,1,Machida Zelvia,32,TOP_TABLE,22.277966,0.27777863,-1.68116,3.3571434,3.4799995,11.5,5.0000005,6.5,-6.5,-4.0,-2.5,0.0,1.0,1.0,2.0,0.0,0.0,4,5,2,3,3,1,Ehime,20,MIDLE_DOWN,9.368435,-2.1111107,1.4210529,2.5833335,0.9285712,5.1666665,2.1666667,3.0000002,-6.833333,-3.8333335,-3.0,0.0,1.0,1.0,2.0,0.0,0.0,2,2,4,4,3,2,2.01,3.1325,4.1975,2.88,1.4
19,1,O,Y,N,Y,1,5,Cerezo Osaka,34,TOP_TABLE,9.029482,3.3225803,2.7619047,-1.7555556,2.3333335,11.233334,4.0666666,7.1666665,-5.766667,-3.9333334,-1.8333334,1.0,0.0,3.0,1.0,0.0,0.0,3,7,2,2,3,1,Tokushima Vortis,21,MIDLE_DOWN,14.910454,3.1111116,-1.5571432,-2.3571424,3.2666664,8.15,4.15,4.0,-9.85,-4.85,-5.0,1.0,0.0,2.0,1.0,0.0,0.0,2,4,3,0,4,5,1.7240002,3.6220002,5.17,2.2324998,1.6724999
19,X,U,N,N,Y,0,2,Zweigen Kanazawa,11,BOTTOM_TABLE,13.863476,-1.1999998,-1.5824175,2.6000004,-2.565218,5.7190475,2.6666667,3.0523813,-10.280953,-5.333333,-4.947619,1.0,2.0,2.0,3.0,0.0,0.0,1,1,3,2,5,6,Fagiano Okayama,34,TOP_TABLE,20.214079,2.365591,2.5571432,2.8133335,-1.333333,10.200001,5.1666665,5.0333333,-7.8000007,-4.833334,-2.9666667,0.0,1.0,2.0,2.0,0.0,0.0,5,5,3,1,2,2,4.9960003,3.279,1.8208001,1.9915,1.9775
