week,headOutcome,scoreOutcome,ht1pOutcome,ht2pOutcome,ggOutcome,totHtScore,totFtScore,t1,t1Points,t1Classification,t1Form,t1Form1Diff,t1Form2Diff,t1Form3Diff,t1Form4Diff,t1Atack,t1AtackIn,t1AtackOut,t1Defense,t1DefenseIn,t1DefenseOut,t1AvgHtScoreIn,t1AvgHtScoreOut,t1AvgFtScoreIn,t1AvgFtScoreOut,t1AvgHtGgResult,t1AvgFtGgResult,t1WinsIn,t1WinsOut,t1DrawsIn,t1DrawsOut,t1LosesIn,t1LosesOut,t2,t2Points,t2Classification,t2Form,t2Form1Diff,t2Form2Diff,t2Form3Diff,t2Form4Diff,t2Atack,t2AtackIn,t2AtackOut,t2Defense,t2DefenseIn,t2DefenseOut,t2AvgHtScoreIn,t2AvgHtScoreOut,t2AvgFtScoreIn,t2AvgFtScoreOut,t2AvgHtGgResult,t2AvgFtGgResult,t2WinsIn,t2WinsOut,t2DrawsIn,t2DrawsOut,t2LosesIn,t2LosesOut,bet_1,bet_X,bet_2,bet_O,bet_U
5,1,O,Y,Y,Y,2,5,Wacker Innsbruck,7,TOP_TABLE,5.333333,2.9999998,-1.3333333,2.6666665,1.0,2.1666665,0.33333334,1.8333333,-0.8333334,-0.6666667,-0.16666667,1.0,2.0,1.0,4.0,0.0,0.0,0,2,1,0,1,0,Liefering,6,MIDLE_UP,1.154762,2.25,-1.4285715,2.3333335,-2.0,1.577381,1.2916667,0.2857143,-2.422619,-0.7083334,-1.7142857,3.0,2.0,5.0,5.0,0.0,0.0,2,0,0,0,0,2,2.0,3.6,3.5,1.48,2.6
5,2,O,Y,Y,Y,3,4,Kapfenberger SV,10,TOP_TABLE,9.428572,3.0,2.4285717,3.0,1.0,2.7142859,1.7142857,1.0,-0.2857143,-0.2857143,0.0,1.0,0.0,4.0,1.0,0.0,0.0,2,1,0,1,0,0,St. Polten,4,MIDLE_DOWN,0.66666675,-2.0,3.0,-1.3333333,1.0,1.8333334,0.5,1.3333334,-2.1666667,-1.5,-0.6666667,3.0,1.0,3.0,2.0,0.0,0.0,0,1,1,0,1,1,2.3,3.4,3.0,1.9,1.9
5,1,O,N,N,Y,0,3,Austria Salzburg,5,MIDLE_DOWN,3.75,-1.25,3.0,1.0,1.0,2.375,1.5,0.875,-1.625,-0.5,-1.125,1.0,4.0,2.0,6.0,0.0,0.0,1,0,1,1,0,1,Floridsdorfer AC,0,BOTTOM_TABLE,-6.5,-1.5,-2.0,-1.6666667,-1.3333333,0.75,0.4166667,0.33333334,-3.25,-1.5833333,-1.6666667,2.0,1.0,5.0,2.0,0.0,0.0,0,0,0,0,2,2,1.73,3.8,4.5,1.52,2.42
5,1,O,Y,Y,Y,2,3,Austria Lustenau,6,MIDLE_UP,1.5,2.5,-2.0,-2.0,3.0,1.75,1.0,0.75,-2.25,-1.0,-1.25,0.0,1.0,1.0,2.0,0.0,0.0,1,1,0,0,1,1,LASK Linz,10,TOP_TABLE,8.666667,3.0,2.3333335,1.0,2.3333335,2.3333335,1.6666667,0.6666667,-0.6666667,-0.33333334,-0.33333334,1.0,1.0,2.0,1.0,0.0,0.0,2,1,0,1,0,0,4.0,3.4,1.91,1.8,2.0
5,1,U,N,N,N,0,1,Austria Klagenfurt,7,MIDLE_UP,5.0,-2.0,3.0,1.0,3.0,2.5,2.0,0.5,-1.5,0.0,-1.5,1.0,0.0,2.0,2.0,0.0,0.0,2,0,0,1,0,1,Wiener Neustadt,1,BOTTOM_TABLE,-5.0,-2.0,-2.0,1.0,-2.0,0.0,0.0,0.0,-3.0,-1.0,-2.0,0.0,1.0,1.0,2.0,0.0,0.0,0,0,1,0,1,2,1.85,3.4,4.33,1.77,2.02
6,1,U,Y,N,N,1,1,Wacker Innsbruck,10,TOP_TABLE,8.07619,2.742857,2.9999998,-1.3333333,2.6666665,2.9666665,1.1333333,1.8333333,-1.0333334,-0.8666667,-0.16666667,1.0,2.0,2.0,4.0,0.0,0.0,1,2,1,0,1,0,Austria Lustenau,9,TOP_TABLE,4.5,3.0,2.5,-2.0,-2.0,2.4166667,1.6666667,0.75,-2.5833333,-1.3333334,-1.25,1.0,1.0,2.0,2.0,0.0,0.0,2,1,0,0,1,1,2.2,3.5,3.1,1.85,1.95
6,X,U,N,N,Y,0,2,St. Polten,7,MIDLE_DOWN,4.666667,4.0,-2.0,3.0,-1.3333333,2.5833335,0.5,2.0833335,-2.4166667,-1.5,-0.9166667,3.0,1.0,3.0,2.0,0.0,0.0,0,2,1,0,1,1,Austria Klagenfurt,10,MIDLE_UP,8.857143,3.8571434,-2.0,3.0,1.0,3.5,3.0,0.5,-1.5,0.0,-1.5,1.0,0.0,2.0,2.0,0.0,0.0,3,0,0,1,0,1,1.85,3.6,4.0,1.73,2.08
6,2,U,N,N,N,0,1,Liefering,6,MIDLE_DOWN,-0.5880952,-1.7428572,2.25,-1.4285715,2.3333335,1.7773811,1.2916667,0.48571432,-3.222619,-0.7083334,-2.5142858,3.0,2.0,5.0,5.0,0.0,0.0,2,0,0,0,0,3,Wiener Neustadt,1,BOTTOM_TABLE,-7.857143,-2.857143,-2.0,-2.0,1.0,0.0,0.0,0.0,-4.0,-1.0,-3.0,0.0,1.0,1.0,2.0,0.0,0.0,0,0,1,0,1,3,1.73,4.0,4.2,1.43,2.75
6,2,O,Y,Y,N,2,3,Floridsdorfer AC,0,BOTTOM_TABLE,-8.833333,-2.333333,-1.5,-2.0,-1.6666667,1.0833334,0.4166667,0.6666667,-3.9166667,-1.5833333,-2.3333335,2.0,0.0,5.0,2.0,0.0,0.0,0,0,0,0,2,3,Kapfenberger SV,10,TOP_TABLE,6.4285717,-3.0,3.0,2.4285717,3.0,2.9642859,1.9642857,1.0,-1.0357143,-1.0357143,0.0,1.0,0.0,4.0,1.0,0.0,0.0,2,1,0,1,1,0,3.3,3.6,2.05,1.73,2.08
6,1,U,Y,Y,N,2,2,LASK Linz,10,TOP_TABLE,6.666667,-2.0,3.0,2.3333335,1.0,2.6666667,1.6666667,1.0,-1.3333334,-0.33333334,-1.0,1.0,1.0,2.0,2.0,0.0,0.0,2,1,0,1,0,1,Austria Salzburg,8,MIDLE_UP,7.0833335,3.3333335,-1.25,3.0,1.0,3.0416667,2.1666667,0.875,-1.9583334,-0.8333334,-1.125,1.0,4.0,2.0,6.0,0.0,0.0,2,0,1,1,0,1,1.44,4.5,6.5,1.57,2.35
7,1,U,Y,N,N,1,1,Wiener Neustadt,4,BOTTOM_TABLE,0.14285707,8.0,-2.857143,-2.0,-2.0,1.0,0.0,1.0,-4.0,-1.0,-3.0,0.0,0.0,1.0,1.0,0.0,0.0,0,1,1,0,1,3,Floridsdorfer AC,0,BOTTOM_TABLE,-11.833333,-3.0,-2.333333,-1.5,-2.0,1.0833334,0.4166667,0.6666667,-4.916667,-2.5833333,-2.3333335,2.0,0.0,4.0,2.0,0.0,0.0,0,0,0,0,3,3,2.05,3.4,3.5,1.8,2.0
7,1,U,N,N,N,0,1,LASK Linz,13,TOP_TABLE,9.866667,3.1999998,-2.0,3.0,2.3333335,3.6666667,2.6666667,1.0,-1.3333334,-0.33333334,-1.0,1.0,1.0,2.0,2.0,0.0,0.0,3,1,0,1,0,1,St. Polten,8,MIDLE_DOWN,6.0952387,1.4285717,4.0,-2.0,3.0,3.0833335,1.0,2.0833335,-2.9166667,-2.0,-0.9166667,2.0,1.0,3.0,2.0,0.0,0.0,0,2,2,0,1,1,1.53,4.33,5.5,1.7,2.1
7,2,O,Y,Y,Y,3,3,Austria Lustenau,9,MIDLE_UP,2.4,-2.1,3.0,2.5,-2.0,2.4166667,1.6666667,0.75,-3.5833333,-1.3333334,-2.25,1.0,1.0,2.0,2.0,0.0,0.0,2,1,0,0,1,2,Liefering,6,BOTTOM_TABLE,-7.588095,-7.0,-1.7428572,2.25,-1.4285715,1.7773811,1.2916667,0.48571432,-4.222619,-1.7083334,-2.5142858,2.0,2.0,4.0,5.0,0.0,0.0,2,0,0,0,1,3,1.7,4.0,4.33,1.45,2.67
7,1,O,Y,Y,Y,2,6,Austria Klagenfurt,11,TOP_TABLE,9.428572,0.5714283,3.8571434,-2.0,3.0,4.0,3.0,1.0,-2.0,0.0,-2.0,1.0,0.0,2.0,2.0,0.0,0.0,3,0,0,2,0,1,Kapfenberger SV,13,TOP_TABLE,10.428572,4.0,-3.0,3.0,2.4285717,3.9642859,1.9642857,2.0,-1.0357143,-1.0357143,0.0,1.0,0.0,4.0,1.0,0.0,0.0,2,2,0,1,1,0,2.63,3.4,2.55,1.77,2.02
7,2,O,Y,Y,Y,2,7,Austria Salzburg,8,MIDLE_UP,4.883333,-2.2000003,3.3333335,-1.25,3.0,3.0416667,2.1666667,0.875,-2.9583335,-0.8333334,-2.125,1.0,3.0,2.0,4.0,0.0,0.0,2,0,1,1,0,2,Wacker Innsbruck,13,TOP_TABLE,11.176189,3.0999994,2.742857,2.9999998,-1.3333333,3.9666665,2.1333332,1.8333333,-1.0333334,-0.8666667,-0.16666667,1.0,2.0,2.0,4.0,0.0,0.0,2,2,1,0,1,0,3.3,3.5,2.1,1.65,2.2
8,1,O,Y,Y,Y,2,6,Wacker Innsbruck,16,TOP_TABLE,13.703662,2.5274725,3.0999994,2.742857,2.9999998,4.538095,2.1333332,2.4047618,-1.4619049,-0.8666667,-0.5952381,1.0,2.0,2.0,5.0,0.0,0.0,2,3,1,0,1,0,Austria Klagenfurt,14,TOP_TABLE,12.277057,2.848485,0.5714283,3.8571434,-2.0,4.8333335,3.8333333,1.0,-2.1666667,-0.16666667,-2.0,1.0,0.0,3.0,2.0,0.0,0.0,4,0,0,2,0,1,1.91,3.4,4.0,1.8,2.0
8,1,U,Y,Y,N,2,2,St. Polten,8,MIDLE_DOWN,3.7106233,-2.3846154,1.4285717,4.0,-2.0,3.0833335,1.0,2.0833335,-3.9166667,-2.0,-1.9166667,2.0,1.0,3.0,2.0,0.0,0.0,0,2,2,0,1,2,Wiener Neustadt,7,BOTTOM_TABLE,4.142857,4.0,8.0,-2.857143,-2.0,2.0,1.0,1.0,-4.0,-1.0,-3.0,0.0,0.0,1.0,1.0,0.0,0.0,1,1,1,0,1,3,1.62,3.8,5.5,1.95,1.85
8,1,O,Y,Y,Y,4,5,Liefering,9,MIDLE_UP,-4.7547617,2.8333335,-7.0,-1.7428572,2.25,2.4440477,1.2916667,1.152381,-4.5559525,-1.7083334,-2.847619,2.0,2.0,4.0,4.0,0.0,0.0,2,1,0,0,1,3,Floridsdorfer AC,0,BOTTOM_TABLE,-14.833333,-3.0,-3.0,-2.333333,-1.5,1.0833334,0.4166667,0.6666667,-5.916667,-2.5833333,-3.3333335,2.0,0.0,4.0,2.0,0.0,0.0,0,0,0,0,3,4,1.62,4.0,4.33,1.48,2.6
8,2,U,Y,N,N,1,2,Austria Lustenau,9,MIDLE_UP,0.56666684,-1.8333333,-2.1,3.0,2.5,2.75,2.0,0.75,-4.25,-2.0,-2.25,1.0,1.0,2.0,2.0,0.0,0.0,2,1,0,0,2,2,Austria Salzburg,8,MIDLE_DOWN,3.3558607,-1.5274725,-2.2000003,3.3333335,-1.25,3.4702382,2.5952382,0.875,-3.529762,-1.404762,-2.125,1.0,3.0,3.0,4.0,0.0,0.0,2,0,1,1,1,2,1.91,4.0,3.6,1.57,2.35
8,2,O,Y,Y,Y,3,6,Kapfenberger SV,13,TOP_TABLE,8.580087,-1.848485,4.0,-3.0,3.0,4.1309524,1.9642857,2.1666667,-1.8690476,-1.0357143,-0.8333333,1.0,1.0,4.0,2.0,0.0,0.0,2,2,0,1,1,1,LASK Linz,16,TOP_TABLE,13.251282,3.384615,3.1999998,-2.0,3.0,4.666667,3.6666667,1.0,-1.3333334,-0.33333334,-1.0,1.0,1.0,2.0,2.0,0.0,0.0,4,1,0,1,0,1,3.5,3.4,2.05,1.85,1.95
9,2,U,N,N,N,0,1,Floridsdorfer AC,0,BOTTOM_TABLE,-17.433332,-2.5999994,-3.0,-3.0,-2.333333,1.2833334,0.4166667,0.8666667,-6.716667,-2.5833333,-4.1333337,2.0,1.0,4.0,2.0,0.0,0.0,0,0,0,0,3,5,St. Polten,11,MIDLE_DOWN,6.8356233,3.125,-2.3846154,1.4285717,4.0,4.0833335,2.0,2.0833335,-3.9166667,-2.0,-1.9166667,2.0,1.0,2.0,2.0,0.0,0.0,1,2,2,0,1,2,3.8,3.8,1.85,1.75,2.05
9,2,O,Y,Y,Y,2,3,Wiener Neustadt,7,BOTTOM_TABLE,2.017857,-2.125,4.0,8.0,-2.857143,2.0,1.0,1.0,-5.0,-1.0,-4.0,0.0,1.0,1.0,1.0,0.0,0.0,1,1,1,0,1,4,Wacker Innsbruck,19,TOP_TABLE,16.161995,2.458333,2.5274725,3.0999994,2.742857,5.2047615,2.8,2.4047618,-1.7952383,-1.2,-0.5952381,1.0,2.0,3.0,5.0,0.0,0.0,3,3,1,0,1,0,3.75,3.3,2.0,1.95,1.85
9,2,O,Y,Y,Y,2,3,LASK Linz,19,TOP_TABLE,16.105448,2.854166,3.384615,3.1999998,-2.0,5.5000005,3.6666667,1.8333333,-1.5,-0.33333334,-1.1666666,1.0,1.0,2.0,3.0,0.0,0.0,4,2,0,1,0,1,Liefering,12,MIDLE_UP,-1.1547618,3.6,2.8333335,-7.0,-1.7428572,3.2440476,2.0916667,1.152381,-4.7559524,-1.9083334,-2.847619,2.0,2.0,4.0,4.0,0.0,0.0,3,1,0,0,1,3,1.44,4.75,6.5,1.4,2.88
9,2,U,N,N,N,0,2,Austria Salzburg,11,MIDLE_UP,6.4808607,3.125,-1.5274725,-2.2000003,3.3333335,4.470238,2.5952382,1.875,-3.529762,-1.404762,-2.125,1.0,2.0,3.0,4.0,0.0,0.0,2,1,1,1,1,2,Kapfenberger SV,13,TOP_TABLE,6.7259197,-1.854167,-1.848485,4.0,-3.0,4.297619,2.1309524,2.1666667,-2.702381,-1.8690476,-0.8333333,2.0,1.0,4.0,2.0,0.0,0.0,2,2,0,1,2,1,2.75,3.6,2.38,1.57,2.35
9,X,U,N,N,Y,0,2,Austria Klagenfurt,14,MIDLE_UP,10.818724,-1.458333,2.848485,0.5714283,3.8571434,5.166667,3.8333333,1.3333334,-2.8333335,-0.16666667,-2.6666667,1.0,0.0,3.0,3.0,0.0,0.0,4,0,0,2,0,2,Austria Lustenau,9,MIDLE_DOWN,-1.5583332,-2.125,-1.8333333,-2.1,3.0,2.75,2.0,0.75,-5.25,-3.0,-2.25,1.0,1.0,2.0,2.0,0.0,0.0,2,1,0,0,3,2,2.2,3.4,3.2,1.77,2.02
10,2,O,Y,Y,Y,2,4,Wiener Neustadt,7,BOTTOM_TABLE,0.0529449,-1.9649122,-2.125,4.0,8.0,2.3333333,1.3333334,1.0,-5.6666665,-1.6666667,-4.0,0.0,1.0,1.0,1.0,0.0,0.0,1,1,1,0,2,4,Austria Lustenau,10,MIDLE_DOWN,-0.0027775764,1.5555556,-2.125,-1.8333333,-2.1,3.25,2.0,1.25,-5.75,-3.0,-2.75,1.0,0.0,2.0,2.0,0.0,0.0,2,1,0,1,3,2,3.5,3.4,2.05,2.0,1.8
10,1,O,N,N,Y,0,5,Liefering,15,TOP_TABLE,1.761905,2.9166667,3.6,2.8333335,-7.0,3.9107144,2.0916667,1.8190477,-5.089286,-1.9083334,-3.1809523,2.0,2.0,4.0,4.0,0.0,0.0,3,2,0,0,1,3,Austria Klagenfurt,15,MIDLE_UP,11.263168,0.44444466,-1.458333,2.848485,0.5714283,5.666667,4.333333,1.3333334,-3.3333335,-0.6666667,-2.6666667,1.0,0.0,2.0,3.0,0.0,0.0,4,0,1,2,0,2,1.73,3.9,4.33,1.45,2.67
10,2,U,N,N,N,0,2,Floridsdorfer AC,0,BOTTOM_TABLE,-20.433332,-3.0,-2.5999994,-3.0,-3.0,1.2833334,0.4166667,0.8666667,-7.716667,-3.5833333,-4.1333337,1.0,1.0,3.0,2.0,0.0,0.0,0,0,0,0,4,5,LASK Linz,19,TOP_TABLE,14.188782,-1.916666,2.854166,3.384615,3.1999998,5.833334,4.0,1.8333333,-2.1666667,-1.0,-1.1666666,1.0,1.0,2.0,3.0,0.0,0.0,4,2,0,1,1,1,7.5,4.5,1.4,1.7,2.1
10,2,O,Y,Y,Y,3,6,Austria Salzburg,11,MIDLE_DOWN,4.3270144,-2.1538463,3.125,-1.5274725,-2.2000003,4.470238,2.5952382,1.875,-4.5297623,-2.404762,-2.125,1.0,2.0,3.0,4.0,0.0,0.0,2,1,1,1,2,2,St. Polten,14,MIDLE_UP,10.835623,3.9999995,3.125,-2.3846154,1.4285717,5.0833335,2.0,3.0833335,-3.9166667,-2.0,-1.9166667,2.0,1.0,2.0,2.0,0.0,0.0,1,3,2,0,1,2,3.0,3.5,2.25,1.75,2.05
10,2,O,Y,Y,Y,4,5,Kapfenberger SV,16,TOP_TABLE,9.879766,3.1538467,-1.854167,-1.848485,4.0,5.297619,2.1309524,3.1666667,-2.702381,-1.8690476,-0.8333333,2.0,0.0,4.0,2.0,0.0,0.0,2,3,0,1,2,1,Wacker Innsbruck,22,TOP_TABLE,19.126907,2.9649124,2.458333,2.5274725,3.0999994,5.871428,2.8,3.0714285,-2.1285715,-1.2,-0.92857146,1.0,2.0,3.0,4.0,0.0,0.0,3,4,1,0,1,0,2.2,3.4,3.2,1.8,2.0
11,X,U,Y,N,Y,1,2,Wacker Innsbruck,25,TOP_TABLE,21.999634,2.8727264,2.9649124,2.458333,2.5274725,6.671428,2.8,3.8714285,-2.3285716,-1.2,-1.1285715,1.0,2.0,3.0,4.0,0.0,0.0,3,5,1,0,1,0,Floridsdorfer AC,0,BOTTOM_TABLE,-23.433332,-3.0,-3.0,-2.5999994,-3.0,1.2833334,0.4166667,0.8666667,-8.716667,-4.583333,-4.1333337,1.0,1.0,3.0,2.0,0.0,0.0,0,0,0,0,5,5,1.4,4.5,7.5,1.7,2.1
11,1,U,N,N,N,0,1,St. Polten,17,MIDLE_UP,13.716575,2.880952,3.9999995,3.125,-2.3846154,5.916667,2.0,3.9166667,-4.0833335,-2.0,-2.0833335,2.0,1.0,2.0,2.0,0.0,0.0,1,4,2,0,1,2,Liefering,18,TOP_TABLE,4.361905,2.6000001,2.9166667,3.6,2.8333335,4.7107143,2.8916667,1.8190477,-5.2892857,-2.1083333,-3.1809523,2.0,2.0,4.0,4.0,0.0,0.0,4,2,0,0,1,3,2.38,3.6,2.7,1.5,2.5
11,X,U,N,N,N,0,0,LASK Linz,22,TOP_TABLE,18.188782,4.0,-1.916666,2.854166,3.384615,6.833334,4.0,2.8333333,-2.1666667,-1.0,-1.1666666,1.0,1.0,2.0,2.0,0.0,0.0,4,3,0,1,1,1,Wiener Neustadt,7,BOTTOM_TABLE,-1.747055,-1.8,-1.9649122,-2.125,4.0,2.5833333,1.5833334,1.0,-6.4166665,-2.4166667,-4.0,1.0,1.0,2.0,1.0,0.0,0.0,1,1,1,0,3,4,1.25,5.5,12.0,1.55,2.38
11,2,O,Y,N,Y,1,3,Austria Lustenau,13,MIDLE_DOWN,2.7972224,2.8,1.5555556,-2.125,-1.8333333,4.0,2.0,2.0,-6.0,-3.0,-3.0,1.0,1.0,2.0,2.0,0.0,0.0,2,2,0,1,3,2,Kapfenberger SV,16,MIDLE_UP,8.007039,-1.8727274,3.1538467,-1.854167,-1.848485,5.4976187,2.3309524,3.1666667,-3.5023808,-2.6690476,-0.8333333,2.0,0.0,4.0,2.0,0.0,0.0,2,3,0,1,3,1,2.2,3.5,3.1,1.73,2.08
11,X,U,Y,N,Y,1,2,Austria Klagenfurt,15,MIDLE_UP,9.663168,-1.6000004,0.44444466,-1.458333,2.848485,5.866667,4.333333,1.5333334,-4.1333337,-0.6666667,-3.4666667,1.0,0.0,2.0,3.0,0.0,0.0,4,0,1,2,0,3,Austria Salzburg,11,MIDLE_DOWN,2.446062,-1.8809524,-2.1538463,3.125,-1.5274725,4.6369047,2.761905,1.875,-5.3630958,-3.2380953,-2.125,1.0,2.0,3.0,4.0,0.0,0.0,2,1,1,1,3,2,2.05,3.6,3.3,1.5,2.5
12,1,U,Y,N,N,1,2,Wiener Neustadt,8,BOTTOM_TABLE,1.395802,3.142857,-1.8,-1.9649122,-2.125,2.5833333,1.5833334,1.0,-6.4166665,-2.4166667,-4.0,1.0,0.0,2.0,1.0,0.0,0.0,1,1,1,1,3,4,Austria Salzburg,12,MIDLE_DOWN,3.8096986,1.3636365,-1.8809524,-2.1538463,3.125,5.1369047,2.761905,2.375,-5.8630958,-3.2380953,-2.625,1.0,2.0,3.0,3.0,0.0,0.0,2,1,1,2,3,2,2.45,3.5,2.7,1.75,2.05
12,2,U,N,N,N,0,1,St. Polten,20,TOP_TABLE,16.775398,3.0588236,2.880952,3.9999995,3.125,6.916667,3.0,3.9166667,-4.0833335,-2.0,-2.0833335,1.0,1.0,2.0,2.0,0.0,0.0,2,4,2,0,1,2,Austria Lustenau,13,MIDLE_DOWN,1.2763891,-1.5208333,2.8,1.5555556,-2.125,4.3333335,2.3333333,2.0,-6.6666665,-3.6666667,-3.0,1.0,1.0,2.0,2.0,0.0,0.0,2,2,0,1,4,2,2.3,3.5,2.88,1.9,1.9
12,1,O,Y,Y,Y,2,6,Liefering,18,MIDLE_UP,2.3030815,-2.0588236,2.6000001,2.9166667,3.6,4.7107143,2.8916667,1.8190477,-6.2892857,-2.1083333,-4.180952,2.0,2.0,4.0,3.0,0.0,0.0,4,2,0,0,1,4,Kapfenberger SV,19,TOP_TABLE,10.527872,2.520833,-1.8727274,3.1538467,-1.854167,6.164285,2.3309524,3.8333335,-3.835714,-2.6690476,-1.1666666,2.0,0.0,4.0,2.0,0.0,0.0,2,4,0,1,3,1,2.38,3.5,2.8,1.48,2.6
12,2,O,Y,Y,Y,3,4,Floridsdorfer AC,1,BOTTOM_TABLE,-22.183332,1.25,-3.0,-3.0,-2.5999994,1.7833334,0.4166667,1.3666667,-9.216667,-4.583333,-4.6333337,1.0,1.0,3.0,2.0,0.0,0.0,0,0,0,1,5,5,Austria Klagenfurt,16,MIDLE_UP,10.299532,0.636364,-1.6000004,0.44444466,-1.458333,6.366667,4.833333,1.5333334,-4.6333337,-1.1666667,-3.4666667,1.0,0.0,2.0,3.0,0.0,0.0,4,0,2,2,0,3,2.5,3.5,2.63,1.8,2.0
12,2,U,Y,N,N,1,1,LASK Linz,23,TOP_TABLE,17.045925,-1.1428566,4.0,-1.916666,2.854166,6.833334,4.0,2.8333333,-2.1666667,-1.0,-1.1666666,1.0,1.0,1.0,2.0,0.0,0.0,4,3,1,1,1,1,Wacker Innsbruck,26,TOP_TABLE,22.749634,0.75,2.8727264,2.9649124,2.458333,7.171428,3.3,3.8714285,-2.8285716,-1.7,-1.1285715,1.0,2.0,2.0,4.0,0.0,0.0,3,5,2,0,1,0,1.73,3.75,4.5,2.0,1.8
13,2,O,N,N,Y,0,4,Wacker Innsbruck,29,TOP_TABLE,25.865019,3.115385,0.75,2.8727264,2.9649124,8.171429,3.3,4.8714285,-2.8285716,-1.7,-1.1285715,1.0,2.0,2.0,4.0,0.0,0.0,3,6,2,0,1,0,St. Polten,20,TOP_TABLE,14.236937,-2.5384617,3.0588236,2.880952,3.9999995,6.916667,3.0,3.9166667,-5.0833335,-3.0,-2.0833335,1.0,1.0,2.0,2.0,0.0,0.0,2,4,2,0,2,2,2.3,3.4,3.0,1.95,1.85
13,2,U,N,N,N,0,1,Kapfenberger SV,19,MIDLE_UP,8.80565,-1.7222223,2.520833,-1.8727274,3.1538467,6.3309517,2.3309524,4.0,-4.6690474,-2.6690476,-2.0,2.0,1.0,4.0,3.0,0.0,0.0,2,4,0,1,3,2,Wiener Neustadt,11,BOTTOM_TABLE,4.895802,3.5,3.142857,-1.8,-1.9649122,3.5833333,2.5833335,1.0,-6.4166665,-2.4166667,-4.0,1.0,0.0,2.0,1.0,0.0,0.0,2,1,1,1,3,4,1.62,3.75,5.5,1.8,2.0
13,X,O,Y,Y,Y,3,4,Austria Salzburg,12,MIDLE_DOWN,1.3096986,-2.5,1.3636365,-1.8809524,-2.1538463,5.1369047,2.761905,2.375,-6.8630958,-3.2380953,-3.625,1.0,2.0,3.0,3.0,0.0,0.0,2,1,1,2,3,3,Liefering,21,TOP_TABLE,5.025304,2.7222223,-2.0588236,2.6000001,2.9166667,5.544048,3.725,1.8190477,-6.455952,-2.275,-4.180952,2.0,2.0,4.0,3.0,0.0,0.0,5,2,0,0,1,4,3.8,4.0,1.8,1.4,2.85
13,1,U,Y,N,N,1,1,Austria Lustenau,16,MIDLE_DOWN,4.814851,3.5384617,-1.5208333,2.8,1.5555556,5.3333335,2.3333333,3.0,-6.6666665,-3.6666667,-3.0,1.0,0.0,2.0,2.0,0.0,0.0,2,3,0,1,4,2,Floridsdorfer AC,1,BOTTOM_TABLE,-24.620832,-2.4375,1.25,-3.0,-3.0,2.0333333,0.6666667,1.3666667,-9.966667,-5.333333,-4.6333337,1.0,1.0,3.0,2.0,0.0,0.0,0,0,0,1,6,5,1.53,3.8,6.5,1.8,2.0
13,X,O,Y,Y,Y,2,4,Austria Klagenfurt,19,MIDLE_UP,13.737032,3.4375,0.636364,-1.6000004,0.44444466,7.116667,4.833333,2.2833333,-4.8833337,-1.1666667,-3.7166667,1.0,1.0,2.0,3.0,0.0,0.0,4,1,2,2,0,3,LASK Linz,23,TOP_TABLE,14.93054,-2.115385,-1.1428566,4.0,-1.916666,6.833334,4.0,2.8333333,-3.1666667,-2.0,-1.1666666,1.0,1.0,1.0,2.0,0.0,0.0,4,3,1,1,2,1,5.0,3.6,1.7,1.85,1.95
14,2,O,Y,N,Y,1,3,St. Polten,23,TOP_TABLE,17.186937,2.9500008,-2.5384617,3.0588236,2.880952,7.666667,3.0,4.666667,-5.3333335,-3.0,-2.3333335,1.0,1.0,2.0,2.0,0.0,0.0,2,5,2,0,2,2,Kapfenberger SV,19,MIDLE_DOWN,6.078377,-2.727273,-1.7222223,2.520833,-1.8727274,6.3309517,2.3309524,4.0,-5.6690474,-3.6690476,-2.0,2.0,1.0,4.0,3.0,0.0,0.0,2,4,0,1,4,2,2.25,3.4,3.1,1.73,2.08
14,X,U,Y,N,Y,1,2,Wiener Neustadt,14,MIDLE_DOWN,8.623075,3.7272725,3.5,3.142857,-1.8,4.583333,2.5833335,2.0,-6.4166665,-2.4166667,-4.0,1.0,0.0,2.0,1.0,0.0,0.0,2,2,1,1,3,4,Austria Klagenfurt,20,MIDLE_UP,14.947558,1.2105265,3.4375,0.636364,-1.6000004,7.616667,5.333333,2.2833333,-5.3833337,-1.6666667,-3.7166667,1.0,1.0,2.0,3.0,0.0,0.0,4,1,3,2,0,3,2.8,3.4,2.4,1.77,2.02
14,2,U,N,N,N,0,1,Liefering,22,TOP_TABLE,5.275304,0.25,2.7222223,-2.0588236,2.6000001,6.044048,3.725,2.3190477,-6.955952,-2.275,-4.680952,2.0,2.0,4.0,3.0,0.0,0.0,5,2,0,1,1,4,Wacker Innsbruck,29,TOP_TABLE,23.915018,-1.9500008,3.115385,0.75,2.8727264,8.421429,3.55,4.8714285,-3.5785716,-2.45,-1.1285715,1.0,2.0,3.0,4.0,0.0,0.0,3,6,2,0,2,0,1.8,3.8,4.2,1.45,2.67
14,1,O,N,N,Y,0,3,LASK Linz,24,TOP_TABLE,15.720014,0.78947353,-2.115385,-1.1428566,4.0,7.333334,4.0,3.3333333,-3.6666667,-2.0,-1.6666666,1.0,1.0,1.0,3.0,0.0,0.0,4,3,1,2,2,1,Austria Lustenau,19,MIDLE_DOWN,8.752351,3.9375,3.5384617,-1.5208333,2.8,6.3333335,3.3333333,3.0,-6.6666665,-3.6666667,-3.0,1.0,0.0,2.0,2.0,0.0,0.0,3,3,0,1,4,2,1.57,4.2,5.25,1.77,2.02
14,X,O,Y,N,Y,1,4,Floridsdorfer AC,1,BOTTOM_TABLE,-27.558332,-2.9375,-2.4375,1.25,-3.0,2.0333333,0.6666667,1.3666667,-10.966667,-5.333333,-5.6333337,1.0,1.0,3.0,2.0,0.0,0.0,0,0,0,1,6,6,Austria Salzburg,13,BOTTOM_TABLE,3.0596986,1.75,-2.5,1.3636365,-1.8809524,5.6369047,3.261905,2.375,-7.3630958,-3.7380953,-3.625,1.0,2.0,3.0,3.0,0.0,0.0,2,1,2,2,3,3,2.2,3.4,3.2,1.77,2.02
15,1,U,Y,N,N,1,1,Wiener Neustadt,15,MIDLE_DOWN,10.051646,1.4285717,3.7272725,3.5,3.142857,5.083333,3.0833335,2.0,-6.9166665,-2.9166667,-4.0,1.0,0.0,2.0,1.0,0.0,0.0,2,2,2,1,3,4,Liefering,22,TOP_TABLE,3.0339246,-2.2413793,0.25,2.7222223,-2.0588236,6.044048,3.725,2.3190477,-7.955952,-3.275,-4.680952,1.0,2.0,4.0,3.0,0.0,0.0,5,2,0,1,2,4,4.2,4.0,1.75,1.55,2.38
15,2,U,Y,N,N,1,1,Kapfenberger SV,22,MIDLE_UP,8.622236,2.5438595,-2.727273,-1.7222223,2.520833,6.997618,2.3309524,4.6666665,-6.002381,-3.6690476,-2.3333333,2.0,1.0,4.0,3.0,0.0,0.0,2,5,0,1,4,2,Floridsdorfer AC,2,BOTTOM_TABLE,-14.558332,13.0,-2.9375,-2.4375,1.25,2.5333333,1.1666667,1.3666667,-11.466667,-5.833333,-5.6333337,1.0,1.0,3.0,2.0,0.0,0.0,0,0,1,1,6,6,1.5,4.33,6.0,1.7,2.1
15,2,O,Y,N,Y,1,3,Austria Klagenfurt,21,MIDLE_UP,15.518987,0.5714283,1.2105265,3.4375,0.636364,8.116667,5.333333,2.7833333,-5.8833337,-1.6666667,-4.2166667,1.0,1.0,2.0,3.0,0.0,0.0,4,1,3,3,0,3,St. Polten,23,TOP_TABLE,15.643078,-1.5438595,2.9500008,-2.5384617,3.0588236,8.0,3.3333333,4.666667,-6.0,-3.6666667,-2.3333335,1.0,1.0,2.0,2.0,0.0,0.0,2,5,2,0,3,2,3.6,3.6,1.95,1.8,2.0
15,1,O,Y,N,Y,1,3,Austria Lustenau,19,MIDLE_DOWN,7.210684,-1.541667,3.9375,3.5384617,-1.5208333,6.666667,3.3333333,3.3333333,-7.333333,-3.6666667,-3.6666667,1.0,0.0,2.0,2.0,0.0,0.0,3,3,0,1,4,3,Wacker Innsbruck,32,TOP_TABLE,27.156397,3.2413788,-1.9500008,3.115385,0.75,9.421429,3.55,5.8714285,-3.5785716,-2.45,-1.1285715,1.0,2.0,3.0,3.0,0.0,0.0,3,7,2,0,2,0,2.25,3.4,3.1,1.85,1.95
15,X,U,N,N,Y,0,2,Wacker Innsbruck,32,TOP_TABLE,25.138853,-2.0175438,3.2413788,-1.9500008,3.115385,9.754762,3.55,6.204762,-4.2452383,-2.45,-1.7952383,1.0,1.0,3.0,3.0,0.0,0.0,3,7,2,0,2,1,Austria Salzburg,14,BOTTOM_TABLE,-7.9403014,-11.0,1.75,-2.5,1.3636365,6.1369047,3.261905,2.875,-7.8630958,-3.7380953,-4.125,1.0,2.0,3.0,3.0,0.0,0.0,2,1,2,3,3,3,1.8,3.75,4.2,1.63,2.25
16,1,U,N,N,N,0,1,St. Polten,26,TOP_TABLE,18.063368,2.42029,-1.5438595,2.9500008,-2.5384617,8.666667,3.3333333,5.3333335,-6.3333335,-3.6666667,-2.6666667,1.0,1.0,2.0,2.0,0.0,0.0,2,6,2,0,3,2,LASK Linz,27,TOP_TABLE,18.26168,2.541667,0.78947353,-2.115385,-1.1428566,8.000001,4.6666665,3.3333333,-4.0,-2.3333333,-1.6666666,0.0,1.0,1.0,3.0,0.0,0.0,5,3,1,2,2,1,3.4,3.6,2.0,2.1,1.7
16,1,O,Y,N,Y,1,3,Liefering,22,MIDLE_UP,0.5672579,-2.4666667,-2.2413793,0.25,2.7222223,6.044048,3.725,2.3190477,-8.955952,-3.275,-5.680952,1.0,2.0,4.0,3.0,0.0,0.0,5,2,0,1,2,5,Austria Lustenau,22,TOP_TABLE,10.228228,3.0175438,-1.541667,3.9375,3.5384617,7.3333335,4.0,3.3333333,-7.6666665,-4.0,-3.6666667,1.0,0.0,2.0,2.0,0.0,0.0,4,3,0,1,4,3,2.0,3.6,3.5,1.57,2.35
16,X,U,Y,Y,Y,2,2,Kapfenberger SV,22,MIDLE_UP,-3.3777637,-12.0,2.5438595,-2.727273,-1.7222223,6.997618,2.3309524,4.6666665,-7.002381,-4.6690474,-2.3333333,1.0,1.0,3.0,3.0,0.0,0.0,2,5,0,1,5,2,Austria Klagenfurt,21,MIDLE_DOWN,14.098697,-1.42029,0.5714283,1.2105265,3.4375,8.45,5.6666665,2.7833333,-6.55,-2.3333335,-4.2166667,1.0,1.0,2.0,3.0,0.0,0.0,4,1,3,3,1,3,1.91,3.4,4.0,1.63,2.25
16,2,O,N,N,Y,0,3,Floridsdorfer AC,5,BOTTOM_TABLE,-1.5583324,13.0,13.0,-2.9375,-2.4375,3.5333333,1.1666667,2.3666668,-11.466667,-5.833333,-5.6333337,1.0,1.0,3.0,2.0,0.0,0.0,0,1,1,1,6,6,Wiener Neustadt,18,MIDLE_DOWN,13.518312,3.4666662,1.4285717,3.7272725,3.5,6.083333,4.0833335,2.0,-6.9166665,-2.9166667,-4.0,1.0,0.0,1.0,1.0,0.0,0.0,3,2,2,1,3,4,2.3,3.3,3.0,2.1,1.7
16,1,O,Y,Y,Y,5,6,LASK Linz,27,TOP_TABLE,16.223219,-2.0384617,2.541667,0.78947353,-2.115385,8.000001,4.6666665,3.3333333,-5.0,-2.3333333,-2.6666665,0.0,1.0,1.0,2.0,0.0,0.0,5,3,1,2,2,2,Kapfenberger SV,23,MIDLE_UP,-2.4253829,0.9523809,-12.0,2.5438595,-2.727273,7.497618,2.8309524,4.6666665,-7.502381,-5.1690474,-2.3333333,1.0,1.0,3.0,3.0,0.0,0.0,2,5,1,1,5,2,1.53,4.0,6.0,1.73,2.08
17,2,O,Y,Y,Y,3,6,Floridsdorfer AC,5,BOTTOM_TABLE,-3.613888,-2.0555556,13.0,13.0,-2.9375,3.8666666,1.5000001,2.3666668,-12.133334,-6.4999995,-5.6333337,1.0,1.0,3.0,2.0,0.0,0.0,0,1,1,1,7,6,Liefering,25,TOP_TABLE,2.9005914,2.3333335,-2.4666667,-2.2413793,0.25,6.7107143,4.3916664,2.3190477,-9.289285,-3.6083333,-5.680952,1.0,2.0,4.0,3.0,0.0,0.0,6,2,0,1,2,5,4.0,4.33,1.7,1.5,2.5
17,2,O,Y,Y,Y,2,4,Austria Salzburg,15,BOTTOM_TABLE,-5.6545873,2.2857141,-11.0,1.75,-2.5,6.6369047,3.261905,3.375,-8.363096,-3.7380953,-4.625,1.0,1.0,3.0,3.0,0.0,0.0,2,1,2,4,3,3,Austria Lustenau,22,MIDLE_DOWN,8.894895,-1.333333,3.0175438,-1.541667,3.9375,7.666667,4.0,3.6666665,-8.333333,-4.0,-4.3333335,1.0,0.0,2.0,2.0,0.0,0.0,4,3,0,1,4,4,3.75,3.6,1.91,1.68,2.15
17,2,O,Y,N,Y,1,3,Austria Klagenfurt,22,MIDLE_UP,15.146316,1.0476189,-1.42029,0.5714283,1.2105265,8.95,5.6666665,3.2833333,-7.05,-2.3333335,-4.7166667,1.0,1.0,2.0,3.0,0.0,0.0,4,1,3,4,1,3,Wacker Innsbruck,33,TOP_TABLE,24.853138,-0.2857151,-2.0175438,3.2413788,-1.9500008,10.254762,4.05,6.204762,-4.7452383,-2.95,-1.7952383,1.0,1.0,2.0,3.0,0.0,0.0,3,7,3,0,2,1,2.3,3.5,2.9,1.73,2.08
17,2,O,Y,Y,Y,4,5,Wiener Neustadt,21,MIDLE_DOWN,16.573868,3.0555553,3.4666662,1.4285717,3.7272725,6.7499995,4.0833335,2.6666667,-7.25,-2.9166667,-4.3333335,1.0,0.0,1.0,1.0,0.0,0.0,3,3,2,1,3,4,St. Polten,29,TOP_TABLE,21.10183,3.0384617,2.42029,-1.5438595,2.9500008,9.666667,4.333333,5.3333335,-6.3333335,-3.6666667,-2.6666667,1.0,1.0,2.0,2.0,0.0,0.0,3,6,2,0,3,2,3.5,3.5,2.05,2.05,1.75
17,X,O,Y,N,Y,1,6,Wacker Innsbruck,36,TOP_TABLE,27.519804,2.666666,-0.2857151,-2.0175438,3.2413788,10.921429,4.05,6.8714285,-5.078572,-2.95,-2.1285715,1.0,1.0,2.0,3.0,0.0,0.0,3,8,3,0,2,1,Wiener Neustadt,21,MIDLE_DOWN,15.098005,-1.4758625,3.0555553,3.4666662,1.4285717,7.1499996,4.4833336,2.6666667,-7.85,-3.516667,-4.3333335,1.0,0.0,2.0,1.0,0.0,0.0,3,3,2,1,4,4,1.65,3.8,5.0,1.9,1.9
18,1,U,N,N,N,0,2,St. Polten,32,TOP_TABLE,23.577692,2.4758625,3.0384617,2.42029,-1.5438595,10.266667,4.333333,5.9333334,-6.7333336,-3.6666667,-3.0666668,1.0,1.0,2.0,3.0,0.0,0.0,3,7,2,0,3,2,Floridsdorfer AC,5,BOTTOM_TABLE,-6.080555,-2.466667,-2.0555556,13.0,13.0,4.0333333,1.6666667,2.3666668,-12.966667,-7.333333,-5.6333337,1.0,1.0,3.0,2.0,0.0,0.0,0,1,1,1,8,6,1.53,4.0,6.0,1.77,2.02
18,2,O,Y,Y,Y,2,5,Kapfenberger SV,23,MIDLE_UP,-3.9068644,-1.4814816,0.9523809,-12.0,2.5438595,7.8309517,2.8309524,5.0,-8.169047,-5.1690474,-3.0,1.0,1.0,3.0,3.0,0.0,0.0,2,5,1,1,5,3,Austria Salzburg,15,BOTTOM_TABLE,-7.472769,-1.8181815,2.2857141,-11.0,1.75,6.8869047,3.511905,3.375,-9.113096,-4.4880953,-4.625,1.0,1.0,3.0,3.0,0.0,0.0,2,1,2,4,4,3,1.7,3.9,4.5,1.52,2.42
18,1,O,Y,Y,N,3,3,Austria Lustenau,25,MIDLE_UP,11.713077,2.818182,-1.333333,3.0175438,-1.541667,8.416667,4.0,4.4166665,-8.583333,-4.0,-4.5833335,1.0,0.0,2.0,2.0,0.0,0.0,4,4,0,1,4,4,Austria Klagenfurt,22,MIDLE_DOWN,13.479649,-1.666667,1.0476189,-1.42029,0.5714283,9.283333,6.0,3.2833333,-7.7166667,-3.0000002,-4.7166667,1.0,1.0,2.0,3.0,0.0,0.0,4,1,3,4,2,3,1.7,3.8,4.6,1.62,2.25
18,1,O,Y,Y,N,3,4,Liefering,28,TOP_TABLE,6.367258,3.4666667,2.3333335,-2.4666667,-2.2413793,7.544048,4.3916664,3.152381,-9.455952,-3.6083333,-5.8476186,1.0,2.0,4.0,3.0,0.0,0.0,6,3,0,1,2,5,LASK Linz,30,TOP_TABLE,18.7047,2.4814816,-2.0384617,2.541667,0.78947353,8.666668,5.333333,3.3333333,-5.3333335,-2.6666665,-2.6666665,1.0,1.0,2.0,2.0,0.0,0.0,6,3,1,2,2,2,2.8,3.5,2.38,1.55,2.38
18,2,U,N,N,N,0,2,Austria Salzburg,18,BOTTOM_TABLE,-4.7394357,2.733333,-1.8181815,2.2857141,-11.0,7.4869046,3.511905,3.975,-9.513096,-4.4880953,-5.025,1.0,1.0,3.0,3.0,0.0,0.0,2,2,2,4,4,3,LASK Linz,30,TOP_TABLE,16.633272,-2.0714283,2.4814816,-2.0384617,2.541667,8.666668,5.333333,3.3333333,-6.3333335,-2.6666665,-3.6666665,1.0,1.0,2.0,2.0,0.0,0.0,6,3,1,2,2,3,8.0,4.75,1.36,1.57,2.35
19,1,O,Y,Y,Y,7,8,St. Polten,35,TOP_TABLE,27.421442,3.84375,2.4758625,3.0384617,2.42029,11.266667,5.333333,5.9333334,-6.7333336,-3.6666667,-3.0666668,1.0,1.0,2.0,3.0,0.0,0.0,4,7,2,0,3,2,Austria Salzburg,18,BOTTOM_TABLE,-7.139436,-2.4,2.733333,-1.8181815,2.2857141,7.4869046,3.511905,3.975,-10.513096,-5.4880953,-5.025,1.0,1.0,3.0,3.0,0.0,0.0,2,2,2,4,5,3,1.33,5.0,8.5,1.68,2.15
19,1,O,Y,N,N,1,4,LASK Linz,33,TOP_TABLE,20.033272,3.3999996,-2.0714283,2.4814816,-2.0384617,9.666668,5.333333,4.333333,-6.3333335,-2.6666665,-3.6666665,1.0,1.0,2.0,2.0,0.0,0.0,6,4,1,2,2,3,Floridsdorfer AC,5,BOTTOM_TABLE,-8.924305,-2.84375,-2.466667,-2.0555556,13.0,4.0333333,1.6666667,2.3666668,-13.966667,-7.333333,-6.6333337,1.0,1.0,3.0,2.0,0.0,0.0,0,1,1,1,8,7,1.22,6.0,12.0,1.55,2.38
19,X,U,N,N,Y,0,2,Austria Lustenau,28,MIDLE_UP,14.8330765,3.12,2.818182,-1.333333,3.0175438,9.416667,5.0,4.4166665,-8.583333,-4.0,-4.5833335,1.0,0.0,2.0,2.0,0.0,0.0,5,4,0,1,4,4,Wiener Neustadt,22,MIDLE_DOWN,16.81229,1.7142849,-1.4758625,3.0555553,3.4666662,7.6499996,4.4833336,3.1666667,-8.35,-3.516667,-4.8333335,1.0,0.0,2.0,2.0,0.0,0.0,3,3,2,2,4,4,1.67,3.75,5.0,1.75,2.05
19,X,U,N,N,N,0,0,Austria Klagenfurt,22,MIDLE_DOWN,11.359649,-2.12,-1.666667,1.0476189,-1.42029,9.283333,6.0,3.2833333,-8.716667,-3.0000002,-5.7166667,1.0,1.0,2.0,3.0,0.0,0.0,4,1,3,4,2,4,Liefering,31,TOP_TABLE,9.438686,3.0714283,3.4666667,2.3333335,-2.4666667,8.544048,5.3916664,3.152381,-9.455952,-3.6083333,-5.8476186,1.0,2.0,4.0,3.0,0.0,0.0,7,3,0,1,2,5,4.5,4.2,1.65,1.44,2.7
19,X,O,Y,Y,Y,2,4,Wacker Innsbruck,37,TOP_TABLE,27.80552,0.2857151,2.666666,-0.2857151,-2.0175438,11.421429,4.55,6.8714285,-5.578572,-3.45,-2.1285715,1.0,1.0,3.0,3.0,0.0,0.0,3,8,4,0,2,1,Kapfenberger SV,23,MIDLE_UP,-5.6401978,-1.7333333,-1.4814816,0.9523809,-12.0,8.230951,3.2309525,5.0,-8.769048,-5.7690473,-3.0,1.0,1.0,3.0,3.0,0.0,0.0,2,5,1,1,6,3,2.05,3.5,3.4,1.77,2.02
20,1,O,Y,Y,Y,2,3,Wiener Neustadt,23,MIDLE_DOWN,18.085018,1.272728,1.7142849,-1.4758625,3.0555553,8.15,4.4833336,3.6666667,-8.85,-3.516667,-5.3333335,1.0,0.0,2.0,2.0,0.0,0.0,3,3,2,3,4,4,LASK Linz,36,TOP_TABLE,23.881756,3.848484,3.3999996,-2.0714283,2.4814816,10.666668,6.333333,4.333333,-6.3333335,-2.6666665,-3.6666665,1.0,1.0,2.0,2.0,0.0,0.0,7,4,1,2,2,3,5.58,3.89,1.545,1.785,1.965
20,2,O,Y,N,Y,1,3,Liefering,32,TOP_TABLE,10.029595,0.590909,3.0714283,3.4666667,2.3333335,8.544048,5.3916664,3.152381,-9.455952,-3.6083333,-5.8476186,1.0,1.0,4.0,3.0,0.0,0.0,7,3,0,2,2,5,St. Polten,38,TOP_TABLE,30.407156,2.985714,3.84375,2.4758625,3.0384617,12.016667,6.083333,5.9333334,-6.9833336,-3.9166667,-3.0666668,1.0,1.0,2.0,3.0,0.0,0.0,5,7,2,0,3,2,2.975,3.425,2.21,1.825,1.925
20,2,O,Y,Y,Y,3,6,Kapfenberger SV,24,MIDLE_DOWN,-4.0315022,1.6086955,-1.7333333,-1.4814816,0.9523809,8.730951,3.2309525,5.5,-9.269048,-5.7690473,-3.5,1.0,1.0,3.0,3.0,0.0,0.0,2,5,1,2,6,3,Austria Lustenau,29,MIDLE_UP,15.560349,0.727273,3.12,2.818182,-1.333333,9.916667,5.5,4.4166665,-9.083333,-4.5,-4.5833335,1.0,0.0,2.0,2.0,0.0,0.0,5,4,1,1,4,4,3.1,3.5,2.2,1.95,1.85
20,2,O,Y,Y,Y,3,3,Austria Salzburg,18,BOTTOM_TABLE,-9.12515,-1.985714,-2.4,2.733333,-1.8181815,7.7369046,3.511905,4.225,-11.263096,-5.4880953,-5.775,1.0,2.0,3.0,3.0,0.0,0.0,2,2,2,4,5,4,Austria Klagenfurt,23,MIDLE_DOWN,12.76874,1.409091,-2.12,-1.666667,1.0476189,9.283333,6.0,3.2833333,-8.716667,-3.0000002,-5.7166667,1.0,1.0,2.0,3.0,0.0,0.0,4,1,4,4,2,4,2.545,3.525,2.465,1.6,2.25
20,2,U,N,N,N,0,1,Floridsdorfer AC,5,BOTTOM_TABLE,-11.77279,-2.848485,-2.84375,-2.466667,-2.0555556,4.0333333,1.6666667,2.3666668,-14.966667,-7.333333,-7.6333337,1.0,1.0,3.0,2.0,0.0,0.0,0,1,1,1,8,8,Wacker Innsbruck,38,TOP_TABLE,28.196823,0.39130402,0.2857151,2.666666,-0.2857151,11.921429,5.05,6.8714285,-6.078572,-3.95,-2.1285715,1.0,1.0,3.0,3.0,0.0,0.0,3,8,5,0,2,1,3.775,3.48,1.9,1.8,1.95
21,1,O,Y,Y,Y,2,3,Kapfenberger SV,24,MIDLE_DOWN,-5.5372496,-1.5057473,1.6086955,-1.7333333,-1.4814816,9.064284,3.5642858,5.5,-9.935715,-6.435714,-3.5,2.0,1.0,3.0,3.0,0.0,0.0,2,5,1,2,7,3,Liefering,32,TOP_TABLE,8.538367,-1.4912281,0.590909,3.0714283,3.4666667,8.877381,5.725,3.152381,-10.122619,-4.275,-5.8476186,1.0,1.0,3.0,3.0,0.0,0.0,7,3,0,2,3,5,3.4,3.6,2.05,1.45,2.67
21,X,O,Y,Y,Y,2,4,Austria Salzburg,18,BOTTOM_TABLE,-10.675875,-1.550725,-1.985714,-2.4,2.733333,8.070238,3.8452382,4.225,-11.929763,-6.154762,-5.775,1.0,2.0,3.0,3.0,0.0,0.0,2,2,2,4,6,4,Wiener Neustadt,26,MIDLE_DOWN,20.98357,2.898552,1.272728,1.7142849,-1.4758625,8.816667,5.15,3.6666667,-9.183333,-3.8500001,-5.3333335,1.0,0.0,2.0,2.0,0.0,0.0,4,3,2,3,4,4,2.317,3.477,2.91,1.77,2.033
21,1,O,Y,Y,Y,2,6,Austria Lustenau,32,MIDLE_UP,18.066097,2.5057478,0.727273,3.12,2.818182,10.583334,5.5,5.083333,-9.416666,-4.5,-4.916667,1.0,1.0,2.0,2.0,0.0,0.0,5,5,1,1,4,4,St. Polten,41,TOP_TABLE,32.898384,2.491228,2.985714,3.84375,2.4758625,12.683334,6.083333,6.6,-7.316667,-3.9166667,-3.4,1.0,1.0,2.0,3.0,0.0,0.0,5,8,2,0,3,2,2.47,3.305,2.7,1.985,1.76
21,2,O,Y,Y,Y,3,3,Austria Klagenfurt,26,MIDLE_UP,15.319465,2.550725,1.409091,-2.12,-1.666667,9.95,6.0,3.95,-9.05,-3.0000002,-6.05,1.0,1.0,2.0,3.0,0.0,0.0,4,2,4,4,2,4,Floridsdorfer AC,5,BOTTOM_TABLE,-14.641211,-2.8684206,-2.848485,-2.84375,-2.466667,4.0333333,1.6666667,2.3666668,-15.966667,-8.333333,-7.6333337,1.0,1.0,3.0,2.0,0.0,0.0,0,1,1,1,9,8,1.657,3.563,4.853,1.98,1.82
21,X,U,Y,N,Y,1,2,Wacker Innsbruck,41,TOP_TABLE,32.065243,3.8684196,0.39130402,0.2857151,2.666666,12.921429,5.05,7.8714285,-6.078572,-3.95,-2.1285715,1.0,1.0,3.0,3.0,0.0,0.0,3,9,5,0,2,1,LASK Linz,36,TOP_TABLE,21.983206,-1.89855,3.848484,3.3999996,-2.0714283,11.000001,6.333333,4.6666665,-7.0,-2.6666665,-4.333333,1.0,1.0,2.0,2.0,0.0,0.0,7,4,1,2,2,4,2.88,3.337,2.407,1.91,1.89
22,2,O,Y,N,Y,1,4,Wiener Neustadt,27,MIDLE_UP,21.539125,0.55555534,2.898552,1.272728,1.7142849,9.316667,5.15,4.166667,-9.683333,-3.8500001,-5.8333335,1.0,0.0,2.0,2.0,0.0,0.0,4,3,2,4,4,4,Kapfenberger SV,27,MIDLE_DOWN,-2.8705828,2.6666667,-1.5057473,1.6086955,-1.7333333,9.730951,4.2309523,5.5,-10.269048,-6.7690473,-3.5,2.0,1.0,3.0,3.0,0.0,0.0,3,5,1,2,7,3,2.62,3.575,2.59,1.775,2.1
22,1,O,Y,N,N,1,4,Liefering,32,MIDLE_UP,6.8717003,-1.666667,-1.4912281,0.590909,3.0714283,9.210714,5.725,3.4857142,-10.789286,-4.275,-6.514285,1.0,1.0,3.0,3.0,0.0,0.0,7,3,0,2,3,6,Austria Salzburg,19,BOTTOM_TABLE,-9.23143,1.4444447,-1.550725,-1.985714,-2.4,8.570238,4.345238,4.225,-12.429763,-6.654762,-5.775,1.0,2.0,3.0,3.0,0.0,0.0,2,2,3,4,6,4,1.57,4.2,5.25,1.215,1.875
22,1,O,N,N,Y,0,3,LASK Linz,37,TOP_TABLE,23.122095,1.1388893,-1.89855,3.848484,3.3999996,11.500001,6.333333,5.1666665,-7.5,-2.6666665,-4.833333,1.0,1.0,2.0,2.0,0.0,0.0,7,4,1,3,2,4,Austria Klagenfurt,26,MIDLE_DOWN,9.786132,-5.533333,2.550725,1.409091,-2.12,10.283333,6.3333335,3.95,-9.716667,-3.666667,-6.05,1.0,1.0,2.0,3.0,0.0,0.0,4,2,4,4,3,4,1.36,5.075,8.6,1.407,1.923
22,X,U,Y,Y,Y,2,2,Floridsdorfer AC,8,BOTTOM_TABLE,-8.107878,6.533333,-2.8684206,-2.848485,-2.84375,4.7,1.6666667,3.0333335,-16.300001,-8.333333,-7.966667,1.0,1.0,3.0,2.0,0.0,0.0,0,2,1,1,9,8,Austria Lustenau,35,MIDLE_UP,20.680681,2.614584,2.5057478,0.727273,3.12,11.250001,6.1666665,5.083333,-9.749999,-4.8333335,-4.916667,1.0,1.0,2.0,2.0,0.0,0.0,6,5,1,1,4,4,4.225,3.46,1.73,1.53,1.71
22,1,U,Y,N,N,1,1,St. Polten,41,TOP_TABLE,31.2838,-1.614584,2.491228,2.985714,3.84375,13.016667,6.083333,6.9333334,-7.9833336,-3.9166667,-4.0666666,1.0,1.0,2.0,3.0,0.0,0.0,5,8,2,0,3,3,Wacker Innsbruck,42,TOP_TABLE,32.926353,0.8611107,3.8684196,0.39130402,0.2857151,13.421429,5.55,7.8714285,-6.578572,-4.45,-2.1285715,1.0,1.0,3.0,3.0,0.0,0.0,3,9,6,0,2,1,2.0,3.75,3.3,1.4,1.5
23,2,U,N,N,N,0,2,Austria Lustenau,36,MIDLE_UP,18.305681,-2.375,2.614584,2.5057478,0.727273,11.750001,6.1666665,5.583333,-10.249999,-4.8333335,-5.416667,1.0,1.0,2.0,2.0,0.0,0.0,6,5,1,2,4,4,LASK Linz,40,TOP_TABLE,25.752726,2.6306305,1.1388893,-1.89855,3.848484,12.166668,6.9999995,5.1666665,-7.8333335,-2.9999998,-4.833333,1.0,1.0,2.0,2.0,0.0,0.0,8,4,1,3,2,4,2.72,3.417,2.487,1.787,2.017
23,2,O,Y,N,Y,1,3,Wacker Innsbruck,42,TOP_TABLE,30.901962,-2.0243912,0.8611107,3.8684196,0.39130402,13.421429,5.55,7.8714285,-7.578572,-4.45,-3.1285715,1.0,1.0,3.0,3.0,0.0,0.0,3,9,6,0,2,2,Liefering,35,TOP_TABLE,10.27795,3.40625,-1.666667,-1.4912281,0.590909,10.210714,6.725,3.4857142,-10.789286,-4.275,-6.514285,1.0,1.0,3.0,3.0,0.0,0.0,8,3,0,2,3,6,2.555,3.545,2.455,1.64,2.175
23,2,U,N,N,N,0,1,Kapfenberger SV,30,MIDLE_UP,-0.37058282,2.5,2.6666667,-1.5057473,1.6086955,10.480951,4.2309523,6.25,-10.519048,-6.7690473,-3.75,2.0,1.0,3.0,3.0,0.0,0.0,3,6,1,2,7,3,St. Polten,44,TOP_TABLE,34.30819,3.0243893,-1.614584,2.491228,2.985714,14.016667,7.083333,6.9333334,-7.9833336,-3.9166667,-4.0666666,1.0,1.0,2.0,3.0,0.0,0.0,6,8,2,0,3,3,3.2,3.5,2.15,1.63,2.25
23,2,U,Y,N,N,1,1,Austria Salzburg,19,BOTTOM_TABLE,-11.63768,-2.40625,1.4444447,-1.550725,-1.985714,8.570238,4.345238,4.225,-13.429763,-6.654762,-6.775,1.0,2.0,3.0,3.0,0.0,0.0,2,2,3,4,6,5,Floridsdorfer AC,9,BOTTOM_TABLE,-3.7328777,4.375,6.533333,-2.8684206,-2.848485,5.2,2.1666667,3.0333335,-16.800001,-8.833333,-7.966667,1.0,1.0,3.0,2.0,0.0,0.0,0,2,2,1,9,8,2.453,3.523,2.557,1.657,1.997
23,2,U,Y,N,N,1,2,Austria Klagenfurt,26,MIDLE_DOWN,8.155501,-1.6306305,-5.533333,2.550725,1.409091,10.616666,6.3333335,4.2833333,-10.383334,-3.666667,-6.7166667,1.0,1.0,2.0,3.0,0.0,0.0,4,2,4,4,3,5,Wiener Neustadt,27,MIDLE_DOWN,20.039125,-1.5,0.55555534,2.898552,1.272728,9.566667,5.4,4.166667,-10.433333,-4.6000004,-5.8333335,1.0,0.0,2.0,2.0,0.0,0.0,4,3,2,4,5,4,1.88,3.607,3.92,1.78,2.03
24,1,U,Y,N,N,1,1,St. Polten,47,TOP_TABLE,37.62637,3.31818,3.0243893,-1.614584,2.491228,15.016667,7.083333,7.9333334,-7.9833336,-3.9166667,-4.0666666,1.0,1.0,2.0,3.0,0.0,0.0,6,9,2,0,3,3,Austria Klagenfurt,26,MIDLE_DOWN,6.1184645,-2.037037,-1.6306305,-5.533333,2.550725,10.616666,6.3333335,4.2833333,-11.383334,-4.666667,-6.7166667,1.0,1.0,2.0,3.0,0.0,0.0,4,2,4,4,4,5,1.25,5.41,10.24,1.525,2.39
24,X,U,Y,N,Y,1,2,Liefering,38,TOP_TABLE,12.811284,2.5333338,3.40625,-1.666667,-1.4912281,10.877381,6.725,4.152381,-11.122619,-4.275,-6.8476186,1.0,1.0,3.0,3.0,0.0,0.0,8,4,0,2,3,6,Wiener Neustadt,30,MIDLE_UP,23.076162,3.037037,-1.5,0.55555534,2.898552,10.566667,5.4,5.166667,-10.433333,-4.6000004,-5.8333335,1.0,0.0,2.0,2.0,0.0,0.0,4,4,2,4,5,4,1.585,3.995,4.985,1.535,2.365
24,1,O,Y,Y,Y,2,3,LASK Linz,43,TOP_TABLE,28.852726,3.1000004,2.6306305,1.1388893,-1.89855,13.166668,6.9999995,6.1666665,-7.8333335,-2.9999998,-4.833333,1.0,1.0,2.0,2.0,0.0,0.0,8,5,1,3,2,4,Austria Salzburg,19,BOTTOM_TABLE,-14.748791,-3.1111107,-2.40625,1.4444447,-1.550725,8.570238,4.345238,4.225,-14.429763,-7.654762,-6.775,1.0,2.0,3.0,3.0,0.0,0.0,2,2,3,4,7,5,1.217,6.217,11.5,1.37,2.917
24,2,U,N,N,N,0,1,Floridsdorfer AC,12,BOTTOM_TABLE,0.37823343,4.111111,4.375,6.533333,-2.8684206,6.2,2.1666667,4.033334,-16.800001,-8.833333,-7.966667,1.0,1.0,3.0,2.0,0.0,0.0,0,3,2,1,9,8,Kapfenberger SV,30,MIDLE_DOWN,-2.6887646,-2.3181818,2.5,2.6666667,-1.5057473,10.480951,4.2309523,6.25,-11.519048,-7.7690473,-3.75,1.0,1.0,3.0,3.0,0.0,0.0,3,6,1,2,8,3,3.25,3.65,2.15,1.685,2.22
24,1,U,Y,N,N,1,1,Wacker Innsbruck,42,TOP_TABLE,29.36863,-1.5333328,-2.0243912,0.8611107,3.8684196,13.754762,5.8833337,7.8714285,-8.245238,-5.1166663,-3.1285715,1.0,1.0,3.0,3.0,0.0,0.0,3,9,6,0,3,2,Austria Lustenau,36,MIDLE_UP,16.20568,-2.1000004,-2.375,2.614584,2.5057478,11.750001,6.1666665,5.583333,-11.249999,-5.8333335,-5.416667,1.0,1.0,2.0,2.0,0.0,0.0,6,5,1,2,5,4,2.83,3.423,2.383,1.75,2.063
25,1,U,N,N,N,0,1,Wiener Neustadt,31,MIDLE_DOWN,24.342829,1.2666664,3.037037,-1.5,0.55555534,11.066667,5.4,5.666667,-10.933333,-4.6000004,-6.3333335,1.0,0.0,2.0,2.0,0.0,0.0,4,4,2,5,5,4,Floridsdorfer AC,12,BOTTOM_TABLE,-2.2217665,-2.6,4.111111,4.375,6.533333,6.2,2.1666667,4.033334,-17.800001,-9.833333,-7.966667,1.0,1.0,3.0,2.0,0.0,0.0,0,3,2,1,10,8,2.197,3.363,3.26,1.93,1.87
25,1,U,Y,N,N,1,1,Austria Salzburg,19,BOTTOM_TABLE,-16.640263,-1.8914719,-3.1111107,-2.40625,1.4444447,8.903571,4.345238,4.5583334,-15.09643,-7.654762,-7.4416666,1.0,2.0,3.0,3.0,0.0,0.0,2,2,3,4,7,6,Wacker Innsbruck,45,TOP_TABLE,32.511486,3.1428566,-1.5333328,-2.0243912,0.8611107,14.754762,6.8833337,7.8714285,-8.245238,-5.1166663,-3.1285715,1.0,1.0,3.0,3.0,0.0,0.0,4,9,6,0,3,2,4.247,3.787,1.77,1.647,2.233
25,X,U,Y,N,Y,1,2,Austria Lustenau,36,MIDLE_UP,14.062824,-2.1428566,-2.1000004,-2.375,2.614584,11.750001,6.1666665,5.583333,-12.249999,-5.8333335,-6.416667,1.0,1.0,2.0,2.0,0.0,0.0,6,5,1,2,5,5,Liefering,39,TOP_TABLE,13.544618,0.7333336,2.5333338,3.40625,-1.666667,11.377381,7.225,4.152381,-11.622619,-4.775,-6.8476186,1.0,1.0,3.0,3.0,0.0,0.0,8,4,1,2,3,6,2.19,3.55,2.955,1.6,2.25
25,2,O,Y,N,Y,1,5,Austria Klagenfurt,26,MIDLE_DOWN,3.671656,-2.4468086,-2.037037,-1.6306305,-5.533333,10.616666,6.3333335,4.2833333,-12.383334,-4.666667,-7.7166667,1.0,1.0,2.0,2.0,0.0,0.0,4,2,4,4,4,6,Kapfenberger SV,33,MIDLE_UP,0.91123533,3.6,-2.3181818,2.5,2.6666667,11.480951,4.2309523,7.25,-11.519048,-7.7690473,-3.75,1.0,1.0,3.0,3.0,0.0,0.0,3,7,1,2,8,3,2.73,3.475,2.575,1.755,2.12
25,1,U,Y,N,N,1,2,LASK Linz,46,TOP_TABLE,31.7442,2.8914738,3.1000004,2.6306305,1.1388893,13.833335,7.666666,6.1666665,-8.166667,-3.333333,-4.833333,1.0,1.0,2.0,2.0,0.0,0.0,9,5,1,3,2,4,St. Polten,50,TOP_TABLE,41.073177,3.4468079,3.31818,3.0243893,-1.614584,16.016666,8.083333,7.9333334,-7.9833336,-3.9166667,-4.0666666,1.0,1.0,2.0,3.0,0.0,0.0,7,9,2,0,3,3,1.885,3.415,3.885,1.925,1.825
26,1,O,Y,Y,Y,2,4,Wacker Innsbruck,45,TOP_TABLE,29.143064,-3.3684216,3.1428566,-1.5333328,-2.0243912,14.754762,6.8833337,7.8714285,-9.245238,-5.1166663,-4.1285715,1.0,1.0,3.0,2.0,0.0,0.0,4,9,6,0,3,3,Austria Klagenfurt,26,MIDLE_DOWN,1.8595347,-1.8121212,-2.4468086,-2.037037,-1.6306305,10.816666,6.5333333,4.2833333,-13.183334,-5.466667,-7.7166667,1.0,1.0,2.0,2.0,0.0,0.0,4,2,4,4,5,6,1.75,3.8,4.33,1.73,2.08
26,1,O,Y,N,Y,1,4,Liefering,40,TOP_TABLE,14.461285,0.916667,0.7333336,2.5333338,3.40625,11.877381,7.225,4.652381,-12.122619,-4.775,-7.3476186,1.0,1.0,3.0,3.0,0.0,0.0,8,4,1,3,3,6,Floridsdorfer AC,12,BOTTOM_TABLE,-4.8346696,-2.612903,-2.6,4.111111,4.375,6.2,2.1666667,4.033334,-18.800001,-9.833333,-8.966667,1.0,1.0,3.0,2.0,0.0,0.0,0,3,2,1,10,9,1.44,4.5,6.5,1.5,2.5
26,2,O,Y,Y,Y,2,3,Kapfenberger SV,36,MIDLE_UP,3.7233565,2.8121212,3.6,-2.3181818,2.5,12.2809515,4.2309523,8.05,-11.719048,-7.7690473,-3.95,1.0,1.0,3.0,3.0,0.0,0.0,3,8,1,2,8,3,LASK Linz,49,TOP_TABLE,34.831158,3.086958,2.8914738,3.1000004,2.6306305,14.833335,8.666666,6.1666665,-8.166667,-3.333333,-4.833333,1.0,1.0,2.0,2.0,0.0,0.0,10,5,1,3,2,4,5.0,4.0,1.62,1.73,2.08
26,1,O,Y,Y,Y,2,5,Austria Lustenau,37,MIDLE_UP,15.146157,1.083333,-2.1428566,-2.1000004,-2.375,12.250001,6.6666665,5.583333,-12.749999,-6.3333335,-6.416667,1.0,1.0,2.0,2.0,0.0,0.0,6,5,2,2,5,5,Austria Salzburg,22,BOTTOM_TABLE,-12.271841,4.3684216,-1.8914719,-3.1111107,-2.40625,9.903571,5.345238,4.5583334,-15.09643,-7.654762,-7.4416666,1.0,2.0,3.0,3.0,0.0,0.0,3,2,3,4,7,6,1.44,4.33,7.0,1.55,2.38
26,1,O,Y,Y,Y,2,5,St. Polten,50,TOP_TABLE,38.98622,-2.086956,3.4468079,3.31818,3.0243893,16.016666,8.083333,7.9333334,-8.983334,-3.9166667,-5.0666666,1.0,1.0,2.0,3.0,0.0,0.0,7,9,2,0,3,4,Wiener Neustadt,34,MIDLE_DOWN,27.955732,3.6129036,1.2666664,3.037037,-1.5,12.066667,6.4,5.666667,-10.933333,-4.6000004,-6.3333335,1.0,0.0,2.0,2.0,0.0,0.0,5,4,2,5,5,4,1.65,4.0,4.75,1.68,2.15
27,2,U,Y,N,N,1,2,Wiener Neustadt,34,MIDLE_DOWN,26.435732,-1.5200005,3.6129036,1.2666664,3.037037,12.466666,6.4,6.066667,-11.533334,-4.6000004,-6.9333334,1.0,0.0,2.0,2.0,0.0,0.0,5,4,2,5,5,5,Wacker Innsbruck,48,TOP_TABLE,32.065285,2.9222202,-3.3684216,3.1428566,-1.5333328,15.504762,7.6333337,7.8714285,-9.495238,-5.3666663,-4.1285715,1.0,1.0,3.0,2.0,0.0,0.0,5,9,6,0,3,3,2.9,3.2,2.45,1.95,1.85
27,1,U,N,N,N,0,1,LASK Linz,52,TOP_TABLE,37.4298,2.5986404,3.086958,2.8914738,3.1000004,15.500002,8.666666,6.833333,-8.5,-3.333333,-5.1666665,1.0,1.0,2.0,2.0,0.0,0.0,10,6,1,3,2,4,Liefering,43,TOP_TABLE,17.661285,3.2000008,0.916667,0.7333336,2.5333338,12.627381,7.975,4.652381,-12.372619,-5.025,-7.3476186,1.0,1.0,3.0,3.0,0.0,0.0,9,4,1,3,3,6,1.83,4.0,3.75,1.57,2.35
27,2,O,N,N,N,0,3,Floridsdorfer AC,12,BOTTOM_TABLE,-7.03467,-2.2000003,-2.612903,-2.6,4.111111,6.45,2.1666667,4.283334,-19.550001,-9.833333,-9.716667,1.0,1.0,3.0,2.0,0.0,0.0,0,3,2,1,10,10,St. Polten,53,TOP_TABLE,41.50622,2.5200005,-2.086956,3.4468079,3.31818,16.616667,8.683333,7.9333334,-9.383333,-4.3166666,-5.0666666,1.0,1.0,2.0,3.0,0.0,0.0,8,9,2,0,3,4,6.0,4.0,1.55,1.85,1.95
27,2,O,Y,Y,N,3,4,Austria Salzburg,22,BOTTOM_TABLE,-14.277246,-2.0054054,4.3684216,-1.8914719,-3.1111107,10.103571,5.345238,4.758333,-15.89643,-7.654762,-8.241667,1.0,2.0,3.0,3.0,0.0,0.0,3,2,3,4,7,7,Kapfenberger SV,36,MIDLE_UP,2.124717,-1.5986395,2.8121212,3.6,-2.3181818,12.6142845,4.5642858,8.05,-12.385715,-8.435714,-3.95,1.0,1.0,3.0,3.0,0.0,0.0,3,8,1,2,9,3,2.8,3.5,2.38,1.5,2.5
27,2,U,N,N,N,0,2,Austria Klagenfurt,26,MIDLE_DOWN,-0.062687516,-1.9222223,-1.8121212,-2.4468086,-2.037037,11.066666,6.5333333,4.5333333,-13.933334,-5.466667,-8.466667,1.0,1.0,2.0,3.0,0.0,0.0,4,2,4,4,5,7,Austria Lustenau,40,MIDLE_UP,18.151562,3.0054045,1.083333,-2.1428566,-2.1000004,13.050001,7.4666667,5.583333,-12.949999,-6.5333333,-6.416667,1.0,1.0,2.0,2.0,0.0,0.0,7,5,2,2,5,5,4.0,3.75,1.83,1.73,2.08
28,X,U,Y,N,Y,1,2,Wiener Neustadt,34,MIDLE_DOWN,24.144066,-2.291666,-1.5200005,3.6129036,1.2666664,12.466666,6.4,6.066667,-12.533334,-5.6000004,-6.9333334,1.0,0.0,2.0,2.0,0.0,0.0,5,4,2,5,6,5,Austria Lustenau,43,MIDLE_UP,21.501562,3.3500004,3.0054045,1.083333,-2.1428566,14.050001,7.4666667,6.583333,-12.949999,-6.5333333,-6.416667,1.0,1.0,2.0,2.0,0.0,0.0,7,6,2,2,5,5,3.9,3.65,1.93,1.85,1.895
28,1,O,Y,Y,Y,2,4,Liefering,43,MIDLE_UP,15.488209,-2.1730766,3.2000008,0.916667,0.7333336,12.627381,7.975,4.652381,-13.372619,-5.025,-8.347618,1.0,1.0,3.0,3.0,0.0,0.0,9,4,1,3,3,7,Austria Klagenfurt,26,MIDLE_DOWN,-2.4126873,-2.35,-1.9222223,-1.8121212,-2.4468086,11.066666,6.5333333,4.5333333,-14.933334,-6.466667,-8.466667,1.0,1.0,2.0,3.0,0.0,0.0,4,2,4,4,6,7,1.36,5.25,7.0,1.5,2.5
28,X,O,Y,N,Y,1,4,Kapfenberger SV,39,MIDLE_UP,5.513606,3.388889,-1.5986395,2.8121212,3.6,13.6142845,4.5642858,9.05,-12.385715,-8.435714,-3.95,1.0,1.0,3.0,3.0,0.0,0.0,3,9,1,2,9,3,Wacker Innsbruck,51,TOP_TABLE,35.356953,3.291668,2.9222202,-3.3684216,3.1428566,16.50476,7.6333337,8.8714285,-9.495238,-5.3666663,-4.1285715,1.0,1.0,3.0,2.0,0.0,0.0,5,10,6,0,3,3,1.95,2.15,1.69,1.365,1.54
28,X,O,Y,Y,Y,2,4,Floridsdorfer AC,12,BOTTOM_TABLE,-9.808254,-2.7735844,-2.2000003,-2.612903,-2.6,6.45,2.1666667,4.283334,-20.550001,-10.833333,-9.716667,1.0,1.0,3.0,2.0,0.0,0.0,0,3,2,1,11,10,LASK Linz,55,TOP_TABLE,40.602875,3.1730766,2.5986404,3.086958,2.8914738,16.500002,9.666666,6.833333,-8.5,-3.333333,-5.1666665,1.0,1.0,2.0,2.0,0.0,0.0,11,6,1,3,2,4,8.25,5.125,1.335,1.635,2.175
28,2,U,Y,N,N,1,1,Austria Salzburg,22,BOTTOM_TABLE,-16.666136,-2.3888893,-2.0054054,4.3684216,-1.8914719,10.103571,5.345238,4.758333,-16.896431,-8.654762,-8.241667,1.0,2.0,3.0,3.0,0.0,0.0,3,2,3,4,8,7,St. Polten,56,TOP_TABLE,45.279808,3.7735863,2.5200005,-2.086956,3.4468079,17.616667,8.683333,8.933333,-9.383333,-4.3166666,-5.0666666,1.0,1.0,2.0,3.0,0.0,0.0,8,10,2,0,3,4,5.75,4.2,1.53,1.55,2.38
29,1,O,Y,Y,N,2,3,Wacker Innsbruck,52,TOP_TABLE,36.04926,0.6923065,3.291668,2.9222202,-3.3684216,17.00476,7.6333337,9.3714285,-9.995238,-5.3666663,-4.6285715,1.0,1.0,3.0,2.0,0.0,0.0,5,10,6,1,3,3,Floridsdorfer AC,13,BOTTOM_TABLE,-5.224921,4.583333,-2.7735844,-2.2000003,-2.612903,6.95,2.6666667,4.283334,-21.050001,-11.333333,-9.716667,1.0,1.0,3.0,2.0,0.0,0.0,0,3,3,1,11,10,1.5,4.33,6.0,1.75,2.05
29,1,O,Y,Y,Y,3,3,LASK Linz,56,TOP_TABLE,38.019543,-2.583332,3.1730766,2.5986404,3.086958,17.000002,9.666666,7.333333,-9.0,-3.333333,-5.6666665,1.0,1.0,2.0,2.0,0.0,0.0,11,6,1,4,2,4,Wiener Neustadt,35,MIDLE_DOWN,25.408772,1.2647057,-2.291666,-1.5200005,3.6129036,12.966666,6.9,6.066667,-13.033334,-6.1000004,-6.9333334,1.0,0.0,2.0,2.0,0.0,0.0,5,4,3,5,6,5,1.3,5.0,10.0,1.57,2.35
29,X,O,Y,Y,Y,2,4,Austria Lustenau,44,MIDLE_UP,22.236856,0.73529434,3.3500004,3.0054045,1.083333,14.550001,7.4666667,7.083333,-13.449999,-6.5333333,-6.916667,1.0,1.0,2.0,2.0,0.0,0.0,7,6,2,3,5,5,Kapfenberger SV,40,MIDLE_UP,6.8212986,1.3076925,3.388889,-1.5986395,2.8121212,14.1142845,5.0642858,9.05,-12.885715,-8.935714,-3.95,1.0,1.0,3.0,3.0,0.0,0.0,3,9,2,2,9,3,1.85,3.8,3.8,1.57,2.35
29,2,U,Y,N,N,1,2,Austria Klagenfurt,26,MIDLE_DOWN,-4.308036,-1.8953485,-2.35,-1.9222223,-1.8121212,11.316666,6.5333333,4.7833333,-15.683334,-6.466667,-9.216667,1.0,1.0,2.0,3.0,0.0,0.0,4,2,4,4,6,8,Austria Salzburg,22,BOTTOM_TABLE,-19.27328,-2.6071434,-2.3888893,-2.0054054,4.3684216,10.103571,5.345238,4.758333,-17.896431,-9.654762,-8.241667,1.0,2.0,3.0,3.0,0.0,0.0,3,2,3,4,9,7,2.0,3.6,3.5,1.55,2.38
29,2,O,N,N,Y,0,3,St. Polten,59,TOP_TABLE,48.88695,3.6071434,3.7735863,2.5200005,-2.086956,18.616667,8.683333,9.933333,-9.383333,-4.3166666,-5.0666666,1.0,1.0,2.0,2.0,0.0,0.0,8,11,2,0,3,4,Liefering,46,TOP_TABLE,18.383558,2.8953495,-2.1730766,3.2000008,0.916667,13.377381,8.725,4.652381,-13.622619,-5.275,-8.347618,1.0,1.0,3.0,3.0,0.0,0.0,10,4,1,3,3,7,1.95,3.75,3.5,1.63,2.25
30,1,U,Y,N,N,1,1,LASK Linz,59,TOP_TABLE,40.728,2.7080002,-2.5830002,3.1730003,37.43,17.667,10.333,7.333,-9.333,-3.667,-5.667,1.0,1.0,2.0,2.0,0.0,0.0,12,6,1,4,2,4,Wacker Innsbruck,55,TOP_TABLE,39.799,3.75,0.69200134,3.2919998,32.065,18.005,8.633,9.371,-9.995,-5.367,-4.629,1.0,1.0,3.0,2.0,0.0,0.0,6,10,6,1,3,3,1.7,4.0,4.5,1.73,2.08
30,2,O,Y,N,Y,1,3,Wiener Neustadt,35,MIDLE_DOWN,23.7,-1.7089996,1.2650013,-2.2920017,26.436,13.3,6.9,6.4,-13.7,-6.1,-7.6,1.0,1.0,2.0,2.0,0.0,0.0,5,4,3,5,6,6,Austria Salzburg,25,BOTTOM_TABLE,-16.091,3.182001,-2.6070004,-2.389,-14.277,11.104,5.345,5.758,-17.896,-9.655,-8.242,1.0,2.0,3.0,3.0,0.0,0.0,3,3,3,4,9,7,1.85,3.8,3.8,1.52,2.42
30,1,O,Y,N,N,1,3,St. Polten,59,TOP_TABLE,47.271,-1.6160011,3.6070023,3.7739983,41.506,18.95,9.017,9.933,-10.05,-4.983,-5.067,1.0,1.0,2.0,2.0,0.0,0.0,8,11,2,0,4,4,Austria Lustenau,45,MIDLE_UP,23.137,0.8999996,0.7349987,3.3500004,18.152,15.05,7.967,7.083,-13.95,-7.033,-6.917,1.0,1.0,2.0,2.0,0.0,0.0,7,6,3,3,5,5,1.83,3.75,4.0,1.7,2.1
30,1,U,N,N,N,0,1,Liefering,49,TOP_TABLE,21.0,2.6159992,2.8960009,-2.1729994,17.661,14.044,8.725,5.319,-13.956,-5.275,-8.681,1.0,1.0,3.0,3.0,0.0,0.0,10,5,1,3,3,7,Kapfenberger SV,41,MIDLE_UP,7.921,1.0999999,1.3070002,3.389,2.125,14.614,5.064,9.55,-13.386,-8.936,-4.45,1.0,1.0,3.0,3.0,0.0,0.0,3,9,2,3,9,3,1.8,3.9,4.0,1.35,3.1
30,2,U,N,N,N,0,2,Floridsdorfer AC,13,BOTTOM_TABLE,-7.975,-2.75,4.5829997,-2.7729998,-7.035,6.95,2.667,4.283,-22.05,-11.333,-10.717,1.0,1.0,3.0,2.0,0.0,0.0,0,3,3,1,11,11,Austria Klagenfurt,26,BOTTOM_TABLE,-6.49,-2.1819997,-1.895,-2.3500001,-0.063,11.317,6.533,4.783,-16.683,-7.467,-9.217,1.0,1.0,2.0,3.0,0.0,0.0,4,2,4,4,7,8,2.4,3.6,2.7,1.7,2.1
31,1,O,Y,Y,Y,3,6,Kapfenberger SV,41,MIDLE_UP,5.757735,-2.1632652,1.0999999,1.3070002,3.389,14.614,5.064,9.55,-14.386,-8.936,-5.45,1.0,1.0,3.0,3.0,0.0,0.0,3,9,2,3,9,4,Wiener Neustadt,35,MIDLE_DOWN,21.966667,-1.7333336,-1.7089996,1.2650013,-2.2920017,13.633333,7.2333336,6.4,-14.366667,-6.7666664,-7.6,1.0,1.0,2.0,2.0,0.0,0.0,5,4,3,5,7,6,2.1,3.6,3.2,1.55,2.38
31,X,U,N,N,N,0,0,Austria Salzburg,28,MIDLE_DOWN,-13.357666,2.7333336,3.182001,-2.6070004,-2.389,11.770667,5.345,6.4246664,-18.229334,-9.655,-8.575333,1.0,2.0,3.0,3.0,0.0,0.0,3,4,3,4,9,7,Liefering,52,TOP_TABLE,24.163265,3.1632652,2.6159992,2.8960009,-2.1729994,15.044,9.725,5.319,-13.956,-5.275,-8.681,1.0,1.0,3.0,3.0,0.0,0.0,11,5,1,3,3,7,4.2,4.2,1.7,1.4,2.85
31,X,U,Y,Y,Y,2,2,Austria Lustenau,45,MIDLE_UP,20.899712,-2.2372875,0.8999996,0.7349987,3.3500004,15.05,7.967,7.083,-14.95,-7.033,-7.917,1.0,1.0,2.0,2.0,0.0,0.0,7,6,3,3,5,6,Floridsdorfer AC,13,BOTTOM_TABLE,-10.475,-2.5000005,-2.75,4.5829997,-2.7729998,6.95,2.667,4.283,-23.05,-12.333,-10.717,1.0,1.0,3.0,2.0,0.0,0.0,0,3,3,1,12,11,1.45,4.55,7.25,1.485,2.5900002
31,2,O,Y,N,N,1,5,Austria Klagenfurt,29,MIDLE_DOWN,-2.9899998,3.5,-2.1819997,-1.895,-2.3500001,12.317,6.533,5.783,-16.683,-7.467,-9.217,1.0,1.0,2.0,3.0,0.0,0.0,4,3,4,4,7,8,LASK Linz,62,TOP_TABLE,43.7958,3.0677986,2.7080002,-2.5830002,3.1730003,18.667,11.333,7.333,-9.333,-3.667,-5.667,1.0,1.0,2.0,2.0,0.0,0.0,13,6,1,4,2,4,7.75,4.85,1.405,1.27,1.74
31,2,U,Y,N,N,1,2,Wacker Innsbruck,55,TOP_TABLE,37.7312,-2.0677986,3.75,0.69200134,3.2919998,18.005,8.633,9.371,-10.995,-5.367,-5.629,1.0,1.0,3.0,2.0,0.0,0.0,6,10,6,1,3,4,St. Polten,62,TOP_TABLE,50.50829,3.2372894,-1.6160011,3.6070023,3.7739983,19.95,10.017,9.933,-10.05,-4.983,-5.067,1.0,1.0,2.0,2.0,0.0,0.0,9,11,2,0,4,4,3.2,3.4,2.2,1.8,2.0
32,X,U,N,N,N,0,0,Wiener Neustadt,35,MIDLE_DOWN,20.487,-1.4799995,-1.7330017,-1.7089996,25.409,13.967,7.233,6.733,-15.033,-6.767,-8.267,1.0,1.0,2.0,2.0,0.0,0.0,5,4,3,5,7,7,Austria Klagenfurt,29,BOTTOM_TABLE,-5.522,-2.5319998,3.4999998,-2.1819997,-4.308,12.317,6.533,5.783,-17.683,-8.467,-9.217,1.0,1.0,2.0,3.0,0.0,0.0,4,3,4,4,8,8,1.9549999,3.6,3.55,1.68,2.15
32,1,O,N,N,Y,0,3,St. Polten,65,TOP_TABLE,53.621,3.112999,3.2369995,-1.6160011,48.887,20.95,10.017,10.933,-10.05,-4.983,-5.067,1.0,1.0,2.0,2.0,0.0,0.0,9,12,2,0,4,4,Kapfenberger SV,44,MIDLE_UP,8.237,2.4790006,-2.163,1.0999999,6.821,15.281,5.731,9.55,-14.719,-9.269,-5.45,1.0,1.0,3.0,3.0,0.0,0.0,4,9,2,3,9,4,1.5,4.265,5.75,1.5,2.5
32,2,U,N,N,N,0,1,Liefering,53,TOP_TABLE,24.306,0.14299965,3.163,2.6159992,18.384,15.044,9.725,5.319,-13.956,-5.275,-8.681,1.0,1.0,3.0,2.0,0.0,0.0,11,5,1,4,3,7,Wacker Innsbruck,55,TOP_TABLE,35.618,-2.112999,-2.0680008,3.75,36.049,18.005,8.633,9.371,-11.995,-6.367,-5.629,1.0,1.0,3.0,2.0,0.0,0.0,6,10,6,1,4,4,1.975,3.675,3.4,1.57,2.35
32,1,O,Y,Y,Y,2,3,Floridsdorfer AC,14,BOTTOM_TABLE,-7.013,3.4620004,-2.5000005,-2.75,-5.225,7.45,2.667,4.783,-23.55,-12.333,-11.217,1.0,1.0,3.0,2.0,0.0,0.0,0,3,3,2,12,11,Austria Salzburg,29,MIDLE_DOWN,-11.501,1.8569994,2.7329998,3.182001,-19.273,11.771,5.345,6.425,-18.229,-9.655,-8.575,1.0,2.0,2.0,3.0,0.0,0.0,3,4,4,4,9,7,2.38,3.45,2.79,1.63,2.25
32,2,U,N,N,N,0,2,LASK Linz,65,TOP_TABLE,47.328,3.5319977,3.0680008,2.7080002,38.02,19.667,11.333,8.333,-9.333,-3.667,-5.667,1.0,1.0,2.0,2.0,0.0,0.0,13,7,1,4,2,4,Austria Lustenau,46,MIDLE_UP,19.438,-1.4619999,-2.2369995,0.8999996,22.237,15.55,8.467,7.083,-15.45,-7.533,-7.917,1.0,1.0,2.0,2.0,0.0,0.0,7,6,4,3,5,6,1.38,4.475,8.25,1.57,2.35
33,1,O,Y,N,N,1,3,Austria Lustenau,49,MIDLE_UP,22.851044,3.413044,-1.4619999,-2.2369995,0.8999996,16.55,8.467,8.083,-15.45,-7.533,-7.917,1.0,1.0,2.0,2.0,0.0,0.0,7,7,4,3,5,6,Wacker Innsbruck,58,TOP_TABLE,38.654366,3.0363655,-2.112999,-2.0680008,3.75,19.005,8.633,10.371,-11.995,-6.367,-5.629,1.0,1.0,3.0,2.0,0.0,0.0,6,11,6,1,4,4,2.075,3.575,3.25,1.75,2.05
34,1,U,Y,N,N,1,1,Wiener Neustadt,36,MIDLE_DOWN,21.28,0.7930012,-1.4799995,-1.7330017,23.7,13.967,7.233,6.733,-15.033,-6.767,-8.267,1.0,1.0,2.0,2.0,0.0,0.0,5,4,4,5,7,7,Liefering,53,TOP_TABLE,22.27,-2.0359993,0.14299965,3.163,21.0,15.044,9.725,5.319,-14.956,-6.275,-8.681,1.0,1.0,3.0,2.0,0.0,0.0,11,5,1,4,4,7,3.0,3.55,2.225,1.6,2.3
34,1,O,Y,N,Y,1,5,Kapfenberger SV,44,MIDLE_UP,6.581,-1.6560006,2.4790006,-2.163,7.921,15.614,5.731,9.883,-15.386,-9.269,-6.117,1.0,1.0,3.0,3.0,0.0,0.0,4,9,2,3,9,5,Floridsdorfer AC,17,BOTTOM_TABLE,-3.608,3.405,3.4620004,-2.5000005,-7.975,8.117,3.334,4.783,-23.883,-12.666,-11.217,1.0,1.0,3.0,2.0,0.0,0.0,1,3,3,2,12,11,1.575,4.1,5.3,1.48,2.6
34,2,O,Y,N,Y,1,4,Austria Salzburg,29,BOTTOM_TABLE,-13.906,-2.4049997,1.8569994,2.7329998,-16.091,12.104,5.345,6.758,-18.896,-9.655,-9.242,1.0,2.0,2.0,3.0,0.0,0.0,3,4,4,4,9,8,LASK Linz,65,TOP_TABLE,44.915,-2.4129982,3.5319977,3.0680008,40.728,19.667,11.333,8.333,-10.333,-4.667,-5.667,1.0,1.0,2.0,2.0,0.0,0.0,13,7,1,4,3,4,10.25,5.75,1.255,1.43,2.75
34,2,U,Y,N,N,1,2,Austria Klagenfurt,30,MIDLE_DOWN,-4.315,1.2069998,-2.5319998,3.4999998,-6.49,12.317,6.533,5.783,-17.683,-8.467,-9.217,1.0,1.0,2.0,2.0,0.0,0.0,4,3,4,5,8,8,St. Polten,68,TOP_TABLE,56.277,2.656002,3.112999,3.2369995,47.271,21.617,10.684,10.933,-10.383,-5.316,-5.067,1.0,1.0,2.0,2.0,0.0,0.0,10,12,2,0,4,4,7.0,4.625,1.4,1.57,2.35
34,X,O,N,N,Y,0,4,Wacker Innsbruck,58,TOP_TABLE,36.471,-2.1829987,3.0359993,-2.112999,37.731,19.005,8.633,10.371,-12.995,-6.367,-6.629,1.0,1.0,3.0,2.0,0.0,0.0,6,11,6,1,4,5,Austria Salzburg,29,BOTTOM_TABLE,-15.96,-2.054,-2.4049997,1.8569994,-13.358,12.354,5.595,6.758,-19.646,-10.405,-9.242,1.0,2.0,3.0,3.0,0.0,0.0,3,4,4,4,10,8,1.6980002,4.0479994,4.2920003,1.475,2.585
34,X,O,Y,Y,Y,3,4,Liefering,53,TOP_TABLE,19.798,-2.4720001,-2.0359993,0.14299965,24.163,15.044,9.725,5.319,-15.956,-6.275,-9.681,1.0,1.0,3.0,2.0,0.0,0.0,11,5,1,4,4,8,Austria Lustenau,52,MIDLE_UP,26.035,3.184,3.413,-1.4619999,20.9,17.55,9.467,8.083,-15.45,-7.533,-7.917,1.0,1.0,2.0,2.0,0.0,0.0,8,7,4,3,5,6,2.6,3.525,2.475,1.63,2.25
34,X,O,Y,Y,Y,2,4,Kapfenberger SV,47,MIDLE_UP,9.795,3.2140002,-1.6560006,2.4790006,5.758,16.414,6.531,9.883,-15.586,-9.469,-6.117,1.0,1.0,3.0,3.0,0.0,0.0,5,9,2,3,9,5,Austria Klagenfurt,30,MIDLE_DOWN,-6.874,-2.559,1.2069998,-2.5319998,-2.99,12.317,6.533,5.783,-18.683,-9.467,-9.217,1.0,1.0,2.0,2.0,0.0,0.0,4,3,4,5,9,8,1.585,4.2125,4.875,1.52,2.42
34,2,O,Y,N,N,1,3,Floridsdorfer AC,17,BOTTOM_TABLE,-5.822,-2.214,3.405,3.4620004,-10.475,8.317,3.334,4.983,-24.683,-12.666,-12.017,1.0,1.0,3.0,2.0,0.0,0.0,1,3,3,2,12,12,Wiener Neustadt,39,MIDLE_DOWN,24.752,3.4720001,0.7930012,-1.4799995,21.967,14.967,8.233,6.733,-15.033,-6.767,-8.267,1.0,1.0,2.0,2.0,0.0,0.0,6,4,4,5,7,7,2.6075,3.4125,2.47,1.74,2.125
34,1,O,Y,Y,Y,3,5,St. Polten,71,TOP_TABLE,59.836,3.558998,2.656002,3.112999,50.508,22.617,10.684,11.933,-10.383,-5.316,-5.067,1.0,1.0,2.0,2.0,0.0,0.0,10,13,2,0,4,4,LASK Linz,68,TOP_TABLE,47.969,3.0540009,-2.4129982,3.5319977,43.796,20.417,11.333,9.083,-10.583,-4.667,-5.917,1.0,1.0,2.0,3.0,0.0,0.0,13,8,1,4,3,4,2.85,3.3874998,2.35,1.8833333,1.9533334
34,X,O,N,N,Y,0,4,Wacker Innsbruck,58,TOP_TABLE,36.471,-2.1829987,3.0359993,-2.112999,37.731,19.005,8.633,10.371,-12.995,-6.367,-6.629,1.0,1.0,3.0,2.0,0.0,0.0,6,11,6,1,4,5,Austria Salzburg,29,BOTTOM_TABLE,-15.96,-2.054,-2.4049997,1.8569994,-13.358,12.354,5.595,6.758,-19.646,-10.405,-9.242,1.0,2.0,3.0,3.0,0.0,0.0,3,4,4,4,10,8,1.6980002,4.0479994,4.2920003,1.475,2.585
34,X,O,Y,Y,Y,3,4,Liefering,53,TOP_TABLE,19.798,-2.4720001,-2.0359993,0.14299965,24.163,15.044,9.725,5.319,-15.956,-6.275,-9.681,1.0,1.0,3.0,2.0,0.0,0.0,11,5,1,4,4,8,Austria Lustenau,52,MIDLE_UP,26.035,3.184,3.413,-1.4619999,20.9,17.55,9.467,8.083,-15.45,-7.533,-7.917,1.0,1.0,2.0,2.0,0.0,0.0,8,7,4,3,5,6,2.6,3.525,2.475,1.63,2.25
34,X,O,Y,Y,Y,2,4,Kapfenberger SV,47,MIDLE_UP,9.795,3.2140002,-1.6560006,2.4790006,5.758,16.414,6.531,9.883,-15.586,-9.469,-6.117,1.0,1.0,3.0,3.0,0.0,0.0,5,9,2,3,9,5,Austria Klagenfurt,30,MIDLE_DOWN,-6.874,-2.559,1.2069998,-2.5319998,-2.99,12.317,6.533,5.783,-18.683,-9.467,-9.217,1.0,1.0,2.0,2.0,0.0,0.0,4,3,4,5,9,8,1.585,4.2125,4.875,1.52,2.42
34,2,O,Y,N,N,1,3,Floridsdorfer AC,17,BOTTOM_TABLE,-5.822,-2.214,3.405,3.4620004,-10.475,8.317,3.334,4.983,-24.683,-12.666,-12.017,1.0,1.0,3.0,2.0,0.0,0.0,1,3,3,2,12,12,Wiener Neustadt,39,MIDLE_DOWN,24.752,3.4720001,0.7930012,-1.4799995,21.967,14.967,8.233,6.733,-15.033,-6.767,-8.267,1.0,1.0,2.0,2.0,0.0,0.0,6,4,4,5,7,7,2.6075,3.4125,2.47,1.74,2.125
34,1,O,Y,Y,Y,3,5,St. Polten,71,TOP_TABLE,59.836,3.558998,2.656002,3.112999,50.508,22.617,10.684,11.933,-10.383,-5.316,-5.067,1.0,1.0,2.0,2.0,0.0,0.0,10,13,2,0,4,4,LASK Linz,68,TOP_TABLE,47.969,3.0540009,-2.4129982,3.5319977,43.796,20.417,11.333,9.083,-10.583,-4.667,-5.917,1.0,1.0,2.0,3.0,0.0,0.0,13,8,1,4,3,4,2.85,3.3874998,2.35,1.8833333,1.9533334
