week,headOutcome,scoreOutcome,ht1pOutcome,ht2pOutcome,ggOutcome,totHtScore,totFtScore,t1,t1Points,t1Classification,t1Form,t1Form1Diff,t1Form2Diff,t1Form3Diff,t1Form4Diff,t1Atack,t1AtackIn,t1AtackOut,t1Defense,t1DefenseIn,t1DefenseOut,t1AvgHtScoreIn,t1AvgHtScoreOut,t1AvgFtScoreIn,t1AvgFtScoreOut,t1AvgHtGgResult,t1AvgFtGgResult,t1WinsIn,t1WinsOut,t1DrawsIn,t1DrawsOut,t1LosesIn,t1LosesOut,t2,t2Points,t2Classification,t2Form,t2Form1Diff,t2Form2Diff,t2Form3Diff,t2Form4Diff,t2Atack,t2AtackIn,t2AtackOut,t2Defense,t2DefenseIn,t2DefenseOut,t2AvgHtScoreIn,t2AvgHtScoreOut,t2AvgFtScoreIn,t2AvgFtScoreOut,t2AvgHtGgResult,t2AvgFtGgResult,t2WinsIn,t2WinsOut,t2DrawsIn,t2DrawsOut,t2LosesIn,t2LosesOut,bet_1,bet_X,bet_2,bet_O,bet_U
5,1,O,Y,Y,Y,4,6,Austria Wien,7,TOP_TABLE,5.0714283,-1.4285717,1.0,2.5,3.0,2.5357144,1.0357143,1.5,-1.4642857,-0.96428573,-0.5,3.0,0.0,5.0,3.0,0.0,0.0,1,1,0,1,1,0,Mattersburg,6,MIDLE_UP,2.1000001,-1.5,2.6,-1.3333333,2.3333335,2.05,1.4666667,0.5833334,-1.95,-0.53333336,-1.4166667,2.0,1.0,4.0,3.0,0.0,1.0,2,0,0,0,0,2,1.53,4.33,5.5,1.68,2.15
5,1,O,Y,Y,Y,5,5,Wolfsberger AC,1,BOTTOM_TABLE,-4.333333,-1.9999998,-1.3333333,1.0,-2.0,0.33333334,0.0,0.33333334,-2.6666667,-2.0,-0.6666667,1.0,0.0,2.0,1.0,0.0,0.0,0,0,0,1,2,1,Grodig,5,MIDLE_UP,3.1333334,-1.2,1.0,1.0,2.3333335,2.0666668,1.5666667,0.5,-1.9333334,-1.4333334,-0.5,1.0,1.0,4.0,2.0,0.0,1.0,1,0,1,1,1,0,2.0,3.5,3.6,1.73,2.08
5,1,U,Y,N,N,1,2,Salzburg,4,MIDLE_DOWN,0.9333334,2.6,1.0,-1.3333333,-1.3333333,1.9666667,0.33333334,1.6333334,-2.0333333,-0.6666667,-1.3666668,2.0,3.0,3.0,4.0,0.0,1.0,0,1,0,1,1,1,Rheindorf Altach,3,MIDLE_DOWN,-2.333333,2.5,-1.9999998,-1.5,-1.3333333,1.3333334,0.75,0.5833334,-2.6666667,-1.25,-1.4166667,1.0,1.0,2.0,3.0,0.0,0.0,1,0,0,0,1,2,1.18,7.0,13.0,1.32,3.2
5,1,O,Y,Y,Y,2,4,Admira,8,TOP_TABLE,6.5333333,2.1999998,1.0,2.3333335,1.0,2.266667,1.1666667,1.1,-1.7333333,-0.8333334,-0.9,2.0,1.0,3.0,3.0,0.0,1.0,1,1,1,1,0,0,Ried,1,BOTTOM_TABLE,-4.2,-1.5999999,-1.5999999,1.0,-2.0,0.4,0.2,0.2,-2.6,-0.8,-1.8,2.0,2.0,2.0,4.0,0.0,0.0,0,0,1,0,1,2,2.05,3.5,3.4,1.8,2.0
5,X,O,Y,Y,Y,2,4,Sturm Graz,8,TOP_TABLE,8.0,3.0,3.0,1.0,1.0,3.0,1.0,2.0,-1.0,-1.0,0.0,1.0,1.0,2.0,1.0,0.0,0.0,0,2,2,0,0,0,Rapid Wien,12,TOP_TABLE,10.095239,2.4285717,2.3333335,2.3333335,3.0,3.0476193,1.6666667,1.3809524,-0.952381,-0.33333334,-0.61904764,0.0,3.0,3.0,5.0,0.0,0.0,2,2,0,0,0,0,3.0,3.6,2.2,1.85,1.95
6,1,O,N,N,N,0,3,Rapid Wien,13,TOP_TABLE,10.595239,0.5,2.4285717,2.3333335,2.3333335,3.5476193,1.6666667,1.8809524,-1.452381,-0.33333334,-1.1190476,0.0,2.0,3.0,4.0,0.0,0.0,2,2,0,1,0,0,Grodig,5,MIDLE_DOWN,-2.0666664,-5.2,-1.2,1.0,1.0,2.466667,1.5666667,0.9,-2.5333333,-1.4333334,-1.1,1.0,3.0,4.0,3.0,0.0,1.0,1,0,1,1,1,1,1.29,5.75,8.5,1.5,2.5
6,1,U,N,N,N,0,1,Ried,1,BOTTOM_TABLE,-6.575,-2.375,-1.5999999,-1.5999999,1.0,0.65,0.2,0.45,-3.35,-0.8,-2.55,2.0,2.0,2.0,4.0,0.0,0.0,0,0,1,0,1,3,Sturm Graz,9,TOP_TABLE,9.5,1.5,3.0,3.0,1.0,3.5,1.5,2.0,-1.5,-1.5,0.0,1.0,1.0,2.0,1.0,0.0,0.0,0,2,3,0,0,0,4.0,3.6,1.85,1.85,1.95
6,1,U,N,N,N,0,1,Mattersburg,6,MIDLE_UP,0.29047632,-1.8095238,-1.5,2.6,-1.3333333,2.2166667,1.4666667,0.75000006,-2.7833333,-0.53333336,-2.25,2.0,2.0,4.0,4.0,0.0,1.0,2,0,0,0,0,3,Wolfsberger AC,4,MIDLE_DOWN,1.8666668,6.2,-1.9999998,-1.3333333,1.0,0.9333334,0.6,0.33333334,-3.0666668,-2.4,-0.6666667,2.0,0.0,3.0,1.0,0.0,0.0,1,0,0,1,2,1,2.05,3.4,3.6,1.8,2.0
6,X,O,Y,Y,Y,2,4,Salzburg,7,MIDLE_UP,4.1833334,3.25,2.6,1.0,-1.3333333,2.9666667,1.3333334,1.6333334,-2.0333333,-0.6666667,-1.3666668,1.0,3.0,2.0,4.0,0.0,0.0,1,1,0,1,1,1,Austria Wien,10,TOP_TABLE,7.880952,2.8095236,-1.4285717,1.0,2.5,3.3690476,1.8690476,1.5,-1.6309524,-1.1309524,-0.5,3.0,0.0,5.0,3.0,0.0,0.0,2,1,0,1,1,0,1.73,3.6,4.75,1.57,2.35
6,2,O,Y,N,Y,1,3,Rheindorf Altach,3,BOTTOM_TABLE,-4.583333,-2.25,2.5,-1.9999998,-1.5,1.3333334,0.75,0.5833334,-3.6666667,-1.25,-2.4166667,1.0,1.0,2.0,3.0,0.0,0.0,1,0,0,0,1,3,Admira,11,TOP_TABLE,9.908333,3.3749995,2.1999998,1.0,2.3333335,3.016667,1.9166667,1.1,-1.9833333,-1.0833334,-0.9,2.0,1.0,3.0,3.0,0.0,1.0,2,1,1,1,0,0,2.05,3.4,3.5,1.8,2.0
7,2,U,N,N,N,0,1,Admira,14,TOP_TABLE,12.968939,3.060606,3.3749995,2.1999998,1.0,3.6833336,1.9166667,1.7666667,-2.3166666,-1.0833334,-1.2333333,2.0,1.0,3.0,3.0,0.0,1.0,2,2,1,1,0,0,Austria Wien,11,TOP_TABLE,8.45238,0.5714283,2.8095236,-1.4285717,1.0,3.8690476,1.8690476,2.0,-2.1309524,-1.1309524,-1.0,3.0,1.0,5.0,3.0,0.0,0.0,2,1,0,2,1,0,4.33,3.75,1.75,1.73,2.08
7,2,O,Y,N,Y,1,6,Rapid Wien,16,TOP_TABLE,14.210623,3.615384,0.5,2.4285717,2.3333335,4.5476193,2.6666667,1.8809524,-1.452381,-0.33333334,-1.1190476,0.0,2.0,3.0,4.0,0.0,0.0,3,2,0,1,0,0,Mattersburg,9,MIDLE_UP,3.6238096,3.3333333,-1.8095238,-1.5,2.6,3.2166667,2.4666667,0.75000006,-2.7833333,-0.53333336,-2.25,1.0,2.0,3.0,4.0,0.0,0.0,3,0,0,0,0,3,1.25,6.0,11.0,1.4,2.85
7,1,O,Y,Y,Y,3,5,Grodig,5,MIDLE_DOWN,-4.6820507,-2.6153843,-5.2,-1.2,1.0,2.466667,1.5666667,0.9,-3.5333333,-1.4333334,-2.1,1.0,2.0,4.0,3.0,0.0,0.0,1,0,1,1,1,2,Ried,4,BOTTOM_TABLE,4.425,11.0,-2.375,-1.5999999,-1.5999999,1.65,1.2,0.45,-3.35,-0.8,-2.55,1.0,2.0,2.0,4.0,0.0,0.0,1,0,1,0,1,3,2.38,3.5,2.8,1.7,2.1
7,2,O,Y,N,Y,1,5,Sturm Graz,9,MIDLE_UP,-0.5,-10.0,1.5,3.0,3.0,3.5,1.5,2.0,-2.5,-1.5,-1.0,1.0,0.0,2.0,1.0,0.0,0.0,0,2,3,0,0,1,Salzburg,8,MIDLE_UP,5.611905,1.4285717,3.25,2.6,1.0,3.4666667,1.8333334,1.6333334,-2.5333333,-1.1666667,-1.3666668,1.0,3.0,3.0,4.0,0.0,0.0,1,1,1,1,1,1,2.4,3.5,2.75,1.65,2.2
7,2,U,Y,Y,N,2,2,Wolfsberger AC,4,MIDLE_DOWN,-0.4666667,-2.3333335,6.2,-1.9999998,-1.3333333,0.9333334,0.6,0.33333334,-4.0666666,-2.4,-1.6666667,2.0,0.0,3.0,1.0,0.0,0.0,1,0,0,1,2,2,Rheindorf Altach,3,BOTTOM_TABLE,-6.643939,-2.060606,-2.25,2.5,-1.9999998,1.6666667,1.0833334,0.5833334,-4.3333335,-1.9166667,-2.4166667,1.0,1.0,2.0,3.0,0.0,0.0,1,0,0,0,2,3,1.91,3.6,3.75,1.9,1.9
8,1,U,N,N,N,0,2,Rheindorf Altach,6,BOTTOM_TABLE,-3.3106058,3.3333333,-2.060606,-2.25,2.5,2.6666667,1.0833334,1.5833334,-4.3333335,-1.9166667,-2.4166667,1.0,1.0,2.0,2.0,0.0,0.0,1,1,0,0,2,3,Rapid Wien,16,TOP_TABLE,12.099512,-2.1111107,3.615384,0.5,2.4285717,4.880953,3.0,1.8809524,-2.1190476,-1.0,-1.1190476,0.0,2.0,3.0,4.0,0.0,0.0,3,2,0,1,1,0,4.5,4.2,1.67,1.7,2.1
8,1,O,Y,Y,Y,3,6,Salzburg,11,MIDLE_UP,7.936905,2.3249998,1.4285717,3.25,2.6,4.0666666,1.8333334,2.2333336,-2.9333334,-1.1666667,-1.7666668,1.0,2.0,3.0,4.0,0.0,0.0,1,2,1,1,1,1,Grodig,8,MIDLE_DOWN,-1.8820508,2.8,-2.6153843,-5.2,-1.2,3.266667,2.3666668,0.9,-3.7333333,-1.6333334,-2.1,1.0,2.0,4.0,3.0,0.0,0.0,2,0,1,1,1,2,1.22,6.5,11.0,1.26,3.7
8,X,U,Y,N,Y,1,2,Austria Wien,14,TOP_TABLE,11.725107,3.272727,0.5714283,2.8095236,-1.4285717,4.8690476,1.8690476,3.0,-2.1309524,-1.1309524,-1.0,3.0,0.0,5.0,2.0,0.0,0.0,2,2,0,2,1,0,Ried,4,BOTTOM_TABLE,2.6250002,-1.8,11.0,-2.375,-1.5999999,1.85,1.2,0.65,-4.15,-0.8,-3.35,1.0,2.0,2.0,4.0,0.0,0.0,1,0,1,0,1,4,1.36,4.75,8.5,1.6,2.3
8,1,U,Y,N,N,1,1,Admira,14,TOP_TABLE,10.696212,-2.272727,3.060606,3.3749995,2.1999998,3.6833336,1.9166667,1.7666667,-3.3166666,-2.0833335,-1.2333333,1.0,1.0,3.0,3.0,0.0,0.0,2,2,1,1,1,0,Wolfsberger AC,4,BOTTOM_TABLE,-2.8000002,-2.3333335,-2.3333335,6.2,-1.9999998,0.9333334,0.6,0.33333334,-5.0666666,-3.4,-1.6666667,2.0,0.0,2.0,1.0,0.0,0.0,1,0,0,1,3,2,2.1,3.5,3.3,1.95,1.85
8,1,U,N,N,N,0,2,Mattersburg,12,TOP_TABLE,6.7349205,3.111111,3.3333333,-1.8095238,-1.5,3.8833334,2.4666667,1.4166667,-3.1166666,-0.53333336,-2.5833333,1.0,2.0,3.0,4.0,0.0,0.0,3,1,0,0,0,3,Sturm Graz,9,MIDLE_UP,-1.825,-1.325,-10.0,1.5,3.0,3.9,1.9,2.0,-3.1,-2.1,-1.0,1.0,0.0,3.0,1.0,0.0,0.0,0,2,3,0,1,1,2.88,3.4,2.38,1.75,2.05
9,1,U,N,N,N,0,2,Sturm Graz,9,MIDLE_UP,-4.075,-2.2499998,-1.325,-10.0,1.5,3.9,1.9,2.0,-4.1,-2.1,-2.0,1.0,0.0,3.0,1.0,0.0,0.0,0,2,3,0,1,2,Austria Wien,15,TOP_TABLE,10.225107,-1.5,3.272727,0.5714283,2.8095236,5.3690476,2.3690476,3.0,-2.6309524,-1.6309524,-1.0,2.0,0.0,4.0,2.0,0.0,0.0,2,2,1,2,1,0,2.25,3.4,3.1,1.8,2.0
9,X,U,Y,N,Y,1,2,Wolfsberger AC,4,BOTTOM_TABLE,-5.514286,-2.7142859,-2.3333335,-2.3333335,6.2,0.9333334,0.6,0.33333334,-6.0666666,-3.4,-2.6666667,2.0,0.0,2.0,1.0,0.0,0.0,1,0,0,1,3,3,Salzburg,14,MIDLE_UP,10.542966,2.606061,2.3249998,1.4285717,3.25,4.733333,2.5,2.2333336,-3.2666667,-1.5000001,-1.7666668,2.0,2.0,3.0,4.0,0.0,0.0,2,2,1,1,1,1,6.5,4.5,1.45,1.52,2.42
9,1,U,Y,N,N,1,2,Ried,5,BOTTOM_TABLE,6.125,3.4999998,-1.8,11.0,-2.375,2.35,1.2,1.15,-4.65,-0.8,-3.85,1.0,2.0,2.0,3.0,0.0,0.0,1,0,1,1,1,4,Rheindorf Altach,9,MIDLE_DOWN,1.3560607,4.6666665,3.3333333,-2.060606,-2.25,3.6666667,2.0833335,1.5833334,-4.3333335,-1.9166667,-2.4166667,0.0,1.0,2.0,2.0,0.0,0.0,2,1,0,0,2,3,2.0,3.5,3.6,1.8,2.0
9,X,U,Y,Y,Y,2,2,Grodig,8,MIDLE_DOWN,-3.4881113,-1.6060605,2.8,-2.6153843,-5.2,3.6000001,2.3666668,1.2333333,-4.4,-1.6333334,-2.7666667,1.0,2.0,4.0,4.0,0.0,0.0,2,0,1,1,1,3,Mattersburg,15,TOP_TABLE,9.9849205,3.25,3.111111,3.3333333,-1.8095238,4.883333,3.4666667,1.4166667,-3.1166666,-0.53333336,-2.5833333,1.0,2.0,2.0,4.0,0.0,0.0,4,1,0,0,0,3,2.7,3.4,2.5,1.57,2.35
9,1,U,Y,N,N,1,2,Rapid Wien,16,TOP_TABLE,8.432846,-3.666666,-2.1111107,3.615384,0.5,4.880953,3.0,1.8809524,-3.1190476,-1.0,-2.1190476,0.0,2.0,3.0,4.0,0.0,0.0,3,2,0,1,1,1,Admira,17,TOP_TABLE,14.410498,3.7142859,-2.272727,3.060606,3.3749995,4.6833334,2.9166667,1.7666667,-3.3166666,-2.0833335,-1.2333333,1.0,1.0,2.0,3.0,0.0,0.0,3,2,1,1,1,0,1.33,5.25,8.0,1.45,2.67
10,2,U,N,N,N,0,1,Ried,8,BOTTOM_TABLE,9.925,3.8000002,3.4999998,-1.8,11.0,3.35,2.2,1.15,-4.65,-0.8,-3.85,1.0,2.0,2.0,3.0,0.0,0.0,2,0,1,1,1,4,Rapid Wien,19,TOP_TABLE,11.495346,3.0625,-3.666666,-2.1111107,3.615384,5.880953,4.0,1.8809524,-3.1190476,-1.0,-2.1190476,0.0,2.0,3.0,4.0,0.0,0.0,4,2,0,1,1,1,4.75,4.0,1.7,1.8,2.0
10,1,O,Y,Y,Y,3,6,Salzburg,15,TOP_TABLE,9.042966,-1.5,2.606061,2.3249998,1.4285717,5.233333,2.5,2.7333336,-3.7666667,-1.5000001,-2.266667,2.0,2.0,3.0,3.0,0.0,0.0,2,2,1,2,1,1,Mattersburg,16,TOP_TABLE,10.1099205,0.125,3.25,3.111111,3.3333333,5.383333,3.4666667,1.9166667,-3.6166666,-0.53333336,-3.0833333,1.0,2.0,2.0,4.0,0.0,0.0,4,1,0,1,0,3,1.29,5.75,9.0,1.3,3.35
10,1,U,N,N,N,0,1,Rheindorf Altach,9,MIDLE_DOWN,-1.4439392,-2.8,4.6666665,3.3333333,-2.060606,3.6666667,2.0833335,1.5833334,-5.3333335,-1.9166667,-3.4166667,0.0,1.0,2.0,2.0,0.0,0.0,2,1,0,0,2,4,Grodig,9,MIDLE_DOWN,-1.6131113,1.875,-1.6060605,2.8,-2.6153843,4.1000004,2.8666668,1.2333333,-4.9,-2.1333334,-2.7666667,1.0,2.0,3.0,4.0,0.0,0.0,2,0,2,1,1,3,1.91,3.75,3.6,1.7,2.1
10,1,U,N,N,N,0,1,Austria Wien,15,MIDLE_UP,7.55844,-2.666667,-1.5,3.272727,0.5714283,5.3690476,2.3690476,3.0,-3.6309524,-1.6309524,-2.0,2.0,0.0,4.0,2.0,0.0,0.0,2,2,1,2,1,1,Wolfsberger AC,5,BOTTOM_TABLE,-2.014286,3.5,-2.7142859,-2.3333335,-2.3333335,1.4333334,1.1,0.33333334,-6.5666666,-3.9,-2.6666667,2.0,0.0,2.0,1.0,0.0,0.0,1,0,1,1,3,3,1.5,4.0,7.0,1.75,2.05
10,2,U,N,N,N,0,1,Admira,17,TOP_TABLE,12.347998,-2.0625,3.7142859,-2.272727,3.060606,4.6833334,2.9166667,1.7666667,-4.3166666,-2.0833335,-2.2333333,1.0,1.0,2.0,3.0,0.0,0.0,3,2,1,1,1,1,Sturm Graz,12,MIDLE_UP,-0.40833306,3.6666667,-2.2499998,-1.325,-10.0,4.9,2.9,2.0,-4.1,-2.1,-2.0,1.0,0.0,3.0,1.0,0.0,0.0,1,2,3,0,1,2,4.0,3.6,1.85,1.85,1.95
11,1,O,N,N,N,0,3,Grodig,9,MIDLE_DOWN,-3.6131113,-2.0,1.875,-1.6060605,2.8,4.1000004,2.8666668,1.2333333,-5.9,-2.1333334,-3.7666667,1.0,1.0,3.0,3.0,0.0,0.0,2,0,2,1,1,4,Sturm Graz,15,MIDLE_UP,3.0083337,3.4166667,3.6666667,-2.2499998,-1.325,5.9,2.9,3.0,-4.1,-2.1,-2.0,1.0,0.0,3.0,1.0,0.0,0.0,1,3,3,0,1,2,4.2,3.6,1.83,1.73,2.08
11,X,U,Y,Y,Y,2,2,Wolfsberger AC,5,BOTTOM_TABLE,-4.680953,-2.666667,3.5,-2.7142859,-2.3333335,1.4333334,1.1,0.33333334,-7.5666666,-3.9,-3.6666667,2.0,0.0,2.0,1.0,0.0,0.0,1,0,1,1,3,4,Ried,8,BOTTOM_TABLE,7.346053,-2.578947,3.8000002,3.4999998,-1.8,3.35,2.2,1.15,-5.65,-1.8,-3.85,1.0,2.0,1.0,3.0,0.0,0.0,2,0,1,1,2,4,2.1,3.5,3.3,2.05,1.75
11,2,O,Y,Y,Y,2,3,Rheindorf Altach,12,MIDLE_DOWN,1.5560608,3.0,-2.8,4.6666665,3.3333333,4.666667,3.0833335,1.5833334,-5.3333335,-1.9166667,-3.4166667,0.0,1.0,2.0,2.0,0.0,0.0,3,1,0,0,2,4,Austria Wien,18,TOP_TABLE,11.225107,3.666667,-2.666667,-1.5,3.272727,6.3690476,3.3690476,3.0,-3.6309524,-1.6309524,-2.0,2.0,0.0,4.0,2.0,0.0,0.0,3,2,1,2,1,1,2.75,3.5,2.4,1.95,1.85
11,2,O,Y,N,N,1,4,Mattersburg,16,MIDLE_UP,8.709921,-1.3999996,0.125,3.25,3.111111,5.7166667,3.4666667,2.25,-4.2833333,-0.53333336,-3.75,1.0,2.0,2.0,4.0,0.0,0.0,4,1,0,1,0,4,Admira,17,TOP_TABLE,9.931332,-2.416666,-2.0625,3.7142859,-2.272727,4.6833334,2.9166667,1.7666667,-5.3166666,-3.0833335,-2.2333333,1.0,1.0,2.0,3.0,0.0,0.0,3,2,1,1,2,1,1.85,3.6,4.0,1.65,2.2
11,2,O,Y,Y,Y,2,3,Rapid Wien,22,TOP_TABLE,15.074293,3.578947,3.0625,-3.666666,-2.1111107,6.880953,4.0,2.8809524,-3.1190476,-1.0,-2.1190476,0.0,1.0,3.0,3.0,0.0,0.0,4,3,0,1,1,1,Salzburg,18,TOP_TABLE,11.442966,2.4000006,-1.5,2.606061,2.3249998,5.8999996,3.1666667,2.7333336,-4.1,-1.8333335,-2.266667,2.0,2.0,4.0,3.0,0.0,0.0,3,2,1,2,1,1,2.5,3.4,2.7,1.57,2.35
12,1,O,Y,Y,N,2,8,Salzburg,21,TOP_TABLE,13.998522,2.5555553,2.4000006,-1.5,2.606061,6.566666,3.1666667,3.4000003,-4.4333334,-1.8333335,-2.6000001,2.0,2.0,4.0,3.0,0.0,0.0,3,3,1,2,1,1,Admira,20,TOP_TABLE,12.990155,3.0588236,-2.416666,-2.0625,3.7142859,5.6833334,2.9166667,2.7666667,-5.3166666,-3.0833335,-2.2333333,1.0,1.0,2.0,3.0,0.0,0.0,3,3,1,1,2,1,1.17,7.5,13.0,1.27,3.55
12,1,O,Y,Y,Y,2,4,Sturm Graz,15,MIDLE_UP,0.34166694,-2.6666667,3.4166667,3.6666667,-2.2499998,5.9,2.9,3.0,-5.1,-2.1,-3.0,1.0,0.0,3.0,1.0,0.0,0.0,1,3,3,0,1,3,Rheindorf Altach,12,MIDLE_DOWN,-0.110605955,-1.6666667,3.0,-2.8,4.6666665,5.0000005,3.4166667,1.5833334,-6.0,-2.5833335,-3.4166667,0.0,1.0,2.0,2.0,0.0,0.0,3,1,0,0,3,4,1.57,3.75,6.0,1.85,1.95
12,2,U,N,N,N,0,1,Ried,9,BOTTOM_TABLE,7.746053,0.4000001,-2.578947,3.8000002,3.4999998,3.85,2.2,1.65,-6.15,-1.8,-4.35,1.0,2.0,1.0,3.0,0.0,0.0,2,0,1,2,2,4,Mattersburg,16,MIDLE_UP,6.6510973,-2.0588236,-1.3999996,0.125,3.25,5.7166667,3.4666667,2.25,-5.2833333,-1.5333333,-3.75,1.0,2.0,3.0,4.0,0.0,0.0,4,1,0,1,1,4,2.1,3.5,3.25,1.77,2.02
12,1,O,Y,Y,Y,2,3,Austria Wien,21,TOP_TABLE,13.891774,2.666667,3.666667,-2.666667,-1.5,7.035714,3.3690476,3.6666667,-3.9642856,-1.6309524,-2.3333333,2.0,0.0,4.0,2.0,0.0,0.0,3,3,1,2,1,1,Grodig,12,MIDLE_DOWN,0.05355549,3.6666667,-2.0,1.875,-1.6060605,5.1000004,3.8666668,1.2333333,-5.9,-2.1333334,-3.7666667,1.0,1.0,3.0,3.0,0.0,0.0,3,0,2,1,1,4,1.5,4.33,6.0,1.57,2.35
12,1,O,Y,N,Y,1,3,Wolfsberger AC,6,BOTTOM_TABLE,-3.0809531,1.5999999,-2.666667,3.5,-2.7142859,1.9333334,1.6,0.33333334,-8.066667,-4.4,-3.6666667,2.0,0.0,2.0,1.0,0.0,0.0,1,0,2,1,3,4,Rapid Wien,22,TOP_TABLE,13.518738,-1.5555553,3.578947,3.0625,-3.666666,7.2142863,4.3333335,2.8809524,-3.7857144,-1.6666667,-2.1190476,0.0,1.0,3.0,3.0,0.0,0.0,4,3,0,1,2,1,4.5,3.5,1.8,1.85,1.95
13,1,O,Y,Y,Y,2,3,Mattersburg,19,MIDLE_UP,10.088597,3.4375,-2.0588236,-1.3999996,0.125,6.7166667,3.4666667,3.25,-5.2833333,-1.5333333,-3.75,1.0,1.0,3.0,4.0,0.0,0.0,4,2,0,1,1,4,Rheindorf Altach,12,MIDLE_DOWN,-1.810606,-1.7,-1.6666667,3.0,-2.8,5.2500005,3.4166667,1.8333334,-6.75,-2.5833335,-4.166667,0.0,1.0,2.0,2.0,0.0,0.0,3,1,0,0,3,5,1.91,3.6,4.0,1.77,2.02
13,1,U,N,N,N,0,2,Sturm Graz,18,MIDLE_UP,3.041667,2.7,-2.6666667,3.4166667,3.6666667,6.65,3.65,3.0,-5.35,-2.35,-3.0,1.0,0.0,3.0,1.0,0.0,0.0,2,3,3,0,1,3,Wolfsberger AC,9,BOTTOM_TABLE,1.9190469,5.0,1.5999999,-2.666667,3.5,2.6000001,2.2666667,0.33333334,-8.4,-4.7333336,-3.6666667,2.0,0.0,2.0,1.0,0.0,0.0,2,0,2,1,3,4,1.67,3.8,5.0,1.85,1.95
13,1,O,Y,Y,Y,3,3,Salzburg,24,TOP_TABLE,17.04614,3.0476189,2.5555553,2.4000006,-1.5,7.566666,4.166667,3.4000003,-4.4333334,-1.8333335,-2.6000001,2.0,2.0,4.0,3.0,0.0,0.0,4,3,1,2,1,1,Ried,9,BOTTOM_TABLE,5.308553,-2.4375,0.4000001,-2.578947,3.8000002,3.85,2.2,1.65,-7.15,-2.8,-4.35,0.0,2.0,1.0,3.0,0.0,0.0,2,0,1,2,3,4,1.13,8.5,17.0,1.27,3.55
13,X,U,N,N,N,0,0,Admira,20,TOP_TABLE,10.942536,-2.0476189,3.0588236,-2.416666,-2.0625,5.6833334,2.9166667,2.7666667,-6.3166666,-3.0833335,-3.2333333,1.0,1.0,2.0,4.0,0.0,0.0,3,3,1,1,2,2,Grodig,12,MIDLE_DOWN,-1.7083492,-1.7619047,3.6666667,-2.0,1.875,5.433334,3.8666668,1.5666667,-6.5666666,-2.1333334,-4.4333334,1.0,1.0,3.0,3.0,0.0,0.0,3,0,2,1,1,5,2.15,3.5,3.2,1.8,2.0
13,2,O,N,N,Y,0,3,Rapid Wien,22,TOP_TABLE,9.518738,-4.0,-1.5555553,3.578947,3.0625,7.54762,4.3333335,3.2142856,-4.452381,-1.6666667,-2.7857144,0.0,1.0,3.0,3.0,0.0,0.0,4,3,0,1,2,2,Austria Wien,24,TOP_TABLE,16.653679,2.7619047,2.666667,3.666667,-2.666667,7.7023807,4.035714,3.6666667,-4.297619,-1.9642857,-2.3333333,2.0,0.0,3.0,2.0,0.0,0.0,4,3,1,2,1,1,1.91,3.4,4.0,1.75,2.05
14,1,O,Y,N,Y,1,3,Rapid Wien,22,TOP_TABLE,8.102071,-1.416667,-4.0,-1.5555553,3.578947,7.8809533,4.666667,3.2142856,-5.1190476,-2.3333335,-2.7857144,0.0,1.0,3.0,3.0,0.0,0.0,4,3,0,1,3,2,Sturm Graz,21,MIDLE_UP,6.541667,3.5,2.7,-2.6666667,3.4166667,7.65,4.65,3.0,-5.35,-2.35,-3.0,1.0,0.0,3.0,1.0,0.0,0.0,3,3,3,0,1,3,1.8,3.5,4.5,1.77,2.02
14,X,U,N,N,Y,0,2,Ried,9,BOTTOM_TABLE,3.35022,-1.9583333,-2.4375,0.4000001,-2.578947,4.1833334,2.2,1.9833333,-7.8166666,-2.8,-5.0166664,0.0,2.0,1.0,3.0,0.0,0.0,2,0,1,2,3,5,Admira,21,MIDLE_UP,11.275869,0.33333302,-2.0476189,3.0588236,-2.416666,5.6833334,2.9166667,2.7666667,-6.3166666,-3.0833335,-3.2333333,1.0,1.0,2.0,4.0,0.0,0.0,3,3,2,1,2,2,1.95,3.6,3.6,1.85,1.95
14,1,U,N,N,N,0,1,Rheindorf Altach,12,MIDLE_DOWN,-3.5123603,-1.7017543,-1.7,-1.6666667,3.0,5.583334,3.4166667,2.1666667,-7.4166665,-2.5833335,-4.8333335,0.0,1.0,2.0,2.0,0.0,0.0,3,1,0,0,3,6,Salzburg,27,TOP_TABLE,20.004475,2.958334,3.0476189,2.5555553,2.4000006,8.233333,4.8333335,3.4000003,-4.766667,-2.1666667,-2.6000001,2.0,2.0,4.0,3.0,0.0,0.0,5,3,1,2,1,1,7.5,4.5,1.4,1.5,2.5
14,1,U,N,N,N,0,1,Grodig,13,MIDLE_DOWN,-0.04168248,1.6666667,-1.7619047,3.6666667,-2.0,5.433334,3.8666668,1.5666667,-6.5666666,-2.1333334,-4.4333334,1.0,1.0,3.0,2.0,0.0,0.0,3,0,2,2,1,5,Wolfsberger AC,9,BOTTOM_TABLE,-0.5809531,-2.5,5.0,1.5999999,-2.666667,2.6000001,2.2666667,0.33333334,-9.4,-4.7333336,-4.666667,2.0,0.0,2.0,1.0,0.0,0.0,2,0,2,1,3,5,2.25,3.4,3.1,1.85,1.95
14,2,O,N,N,Y,0,3,Mattersburg,22,TOP_TABLE,12.790352,2.7017546,3.4375,-2.0588236,-1.3999996,7.383333,4.133333,3.25,-5.616667,-1.8666667,-3.75,1.0,1.0,3.0,4.0,0.0,0.0,5,2,0,1,1,4,Austria Wien,27,TOP_TABLE,19.070345,2.416666,2.7619047,2.666667,3.666667,8.369047,4.035714,4.3333335,-4.6309524,-1.9642857,-2.6666665,2.0,0.0,3.0,2.0,0.0,0.0,4,4,1,2,1,1,3.1,3.5,2.2,1.63,2.25
15,X,U,Y,N,Y,1,2,Austria Wien,30,TOP_TABLE,21.588863,2.5185184,2.416666,2.7619047,2.666667,9.035714,4.035714,5.0,-4.964286,-1.9642857,-2.9999998,2.0,0.0,3.0,2.0,0.0,0.0,4,5,1,2,1,1,Salzburg,27,TOP_TABLE,16.754475,-3.25,2.958334,3.0476189,2.5555553,8.233333,4.8333335,3.4000003,-5.766667,-2.1666667,-3.6000001,2.0,1.0,4.0,3.0,0.0,0.0,5,3,1,2,1,2,4.2,3.75,1.8,1.52,2.42
15,1,O,Y,N,Y,1,3,Wolfsberger AC,9,BOTTOM_TABLE,-2.8886454,-2.3076923,-2.5,5.0,1.5999999,2.6000001,2.2666667,0.33333334,-10.4,-4.7333336,-5.666667,2.0,0.0,2.0,1.0,0.0,0.0,2,0,2,1,3,6,Mattersburg,22,TOP_TABLE,11.271833,-1.5185184,2.7017546,3.4375,-2.0588236,7.7166667,4.4666667,3.25,-6.2833333,-2.5333333,-3.75,1.0,1.0,3.0,4.0,0.0,0.0,5,2,0,1,2,4,2.2,3.5,3.1,1.85,1.95
15,1,O,Y,Y,Y,4,5,Sturm Graz,21,MIDLE_UP,5.162879,-1.378788,3.5,2.7,-2.6666667,7.9833336,4.65,3.3333333,-6.0166664,-2.35,-3.6666667,1.0,0.0,3.0,1.0,0.0,0.0,3,3,3,0,1,4,Ried,10,BOTTOM_TABLE,5.6835537,2.3333337,-1.9583333,-2.4375,0.4000001,4.6833334,2.7,1.9833333,-8.316667,-3.3,-5.0166664,0.0,2.0,1.0,3.0,0.0,0.0,2,0,2,2,3,5,1.5,4.0,7.0,1.73,2.08
15,X,U,Y,N,Y,1,2,Admira,22,TOP_TABLE,10.942536,-0.33333302,0.33333302,-2.0476189,3.0588236,6.1833334,2.9166667,3.2666667,-6.8166666,-3.0833335,-3.7333333,1.0,1.0,2.0,3.0,0.0,0.0,3,3,2,2,2,2,Rheindorf Altach,15,MIDLE_DOWN,0.73763967,4.25,-1.7017543,-1.7,-1.6666667,6.583334,4.416667,2.1666667,-7.4166665,-2.5833335,-4.8333335,0.0,1.0,2.0,2.0,0.0,0.0,4,1,0,0,3,6,2.25,3.6,2.9,2.0,1.8
15,1,O,Y,N,Y,1,3,Grodig,16,MIDLE_DOWN,3.2660098,3.3076923,1.6666667,-1.7619047,3.6666667,6.433334,4.866667,1.5666667,-6.5666666,-2.1333334,-4.4333334,1.0,1.0,3.0,2.0,0.0,0.0,4,0,2,2,1,5,Rapid Wien,25,TOP_TABLE,10.480859,2.378788,-1.416667,-4.0,-1.5555553,8.54762,5.3333335,3.2142856,-5.452381,-2.6666667,-2.7857144,0.0,1.0,3.0,3.0,0.0,0.0,5,3,0,1,3,2,3.75,3.5,1.95,1.7,2.1
16,X,U,N,N,Y,0,2,Austria Wien,31,TOP_TABLE,22.477753,0.8888893,2.5185184,2.416666,2.7619047,9.535714,4.535714,5.0,-5.464286,-2.4642859,-2.9999998,2.0,0.0,3.0,2.0,0.0,0.0,4,5,2,2,1,1,Admira,23,TOP_TABLE,11.47587,0.5333338,-0.33333302,0.33333302,-2.0476189,6.6833334,3.4166667,3.2666667,-7.3166666,-3.5833335,-3.7333333,1.0,1.0,2.0,3.0,0.0,0.0,3,3,3,2,2,2,1.5,4.1,6.5,1.7,2.1
16,1,U,N,N,N,0,1,Ried,10,BOTTOM_TABLE,3.959744,-1.7238097,2.3333337,-1.9583333,-2.4375,5.0833335,2.7,2.3833334,-8.916667,-3.3,-5.6166663,0.0,2.0,1.0,3.0,0.0,0.0,2,0,2,2,3,6,Grodig,19,MIDLE_DOWN,6.1618433,2.8958335,3.3076923,1.6666667,-1.7619047,7.1000004,5.5333333,1.5666667,-6.9,-2.4666667,-4.4333334,1.0,1.0,3.0,2.0,0.0,0.0,5,0,2,2,1,5,2.25,3.4,3.1,1.8,2.0
16,1,O,Y,N,Y,1,3,Rheindorf Altach,16,MIDLE_DOWN,2.2043064,1.4666667,4.25,-1.7017543,-1.7,7.083334,4.416667,2.6666667,-7.9166665,-2.5833335,-5.3333335,0.0,1.0,2.0,2.0,0.0,0.0,4,1,0,1,3,6,Wolfsberger AC,12,BOTTOM_TABLE,0.8891325,3.777778,-2.3076923,-2.5,5.0,3.266667,2.9333334,0.33333334,-10.733333,-5.066667,-5.666667,1.0,0.0,2.0,1.0,0.0,0.0,3,0,2,1,3,6,2.15,3.4,3.25,2.05,1.75
16,2,O,Y,Y,Y,5,7,Mattersburg,22,MIDLE_UP,8.494056,-2.7777777,-1.5185184,2.7017546,3.4375,8.05,4.4666667,3.5833333,-6.95,-2.5333333,-4.4166665,1.0,1.0,3.0,3.0,0.0,0.0,5,2,0,1,2,5,Rapid Wien,25,TOP_TABLE,8.585026,-1.895833,2.378788,-1.416667,-4.0,8.880953,5.3333335,3.5476189,-6.1190476,-2.6666667,-3.4523811,0.0,1.0,3.0,3.0,0.0,0.0,5,3,0,1,3,3,4.0,3.6,1.85,1.65,2.2
16,1,O,Y,N,Y,1,4,Salzburg,28,TOP_TABLE,17.865585,1.1111107,-3.25,2.958334,3.0476189,8.733333,4.8333335,3.9000003,-6.266667,-2.1666667,-4.1000004,2.0,1.0,4.0,3.0,0.0,0.0,5,3,1,3,1,2,Sturm Graz,24,TOP_TABLE,7.886688,2.7238092,-1.378788,3.5,2.7,8.583334,5.25,3.3333333,-6.4166665,-2.75,-3.6666667,1.0,0.0,3.0,1.0,0.0,0.0,4,3,3,0,1,4,1.33,5.0,9.0,1.43,2.75
17,X,U,N,N,N,0,0,Sturm Graz,24,TOP_TABLE,6.243831,-1.6428571,2.7238092,-1.378788,3.5,8.833334,5.25,3.5833333,-7.1666665,-2.75,-4.416667,1.0,0.0,3.0,2.0,0.0,0.0,4,3,3,0,1,5,Mattersburg,22,MIDLE_UP,6.65977,-1.8342857,-2.7777777,-1.5185184,2.7017546,8.192858,4.609524,3.5833333,-7.8071427,-3.3904762,-4.4166665,1.0,1.0,3.0,3.0,0.0,0.0,5,2,0,1,3,5,1.44,4.5,6.5,1.57,2.35
17,1,O,Y,Y,N,2,4,Wolfsberger AC,12,BOTTOM_TABLE,-0.69420075,-1.5833333,3.777778,-2.3076923,-2.5,3.6000001,2.9333334,0.6666667,-11.4,-5.066667,-6.3333335,1.0,0.0,2.0,1.0,0.0,0.0,3,0,2,1,3,7,Admira,24,MIDLE_UP,12.823696,1.347826,0.5333338,-0.33333302,0.33333302,7.1833334,3.4166667,3.7666667,-7.8166666,-3.5833335,-4.2333336,1.0,1.0,2.0,3.0,0.0,0.0,3,3,3,3,2,2,1.91,3.6,3.75,2.0,1.8
17,X,U,Y,N,Y,1,2,Grodig,19,MIDLE_DOWN,3.2618432,-2.9,2.8958335,3.3076923,1.6666667,7.1000004,5.5333333,1.5666667,-7.9,-2.4666667,-5.4333334,1.0,1.0,3.0,2.0,0.0,0.0,5,0,2,2,1,6,Salzburg,31,TOP_TABLE,20.508442,2.6428566,1.1111107,-3.25,2.958334,9.483333,5.5833335,3.9000003,-6.516667,-2.4166667,-4.1000004,2.0,1.0,4.0,3.0,0.0,0.0,6,3,1,3,1,2,7.0,5.5,1.33,1.43,2.75
17,1,O,Y,Y,Y,5,6,Ried,13,BOTTOM_TABLE,7.859744,3.9,-1.7238097,2.3333337,-1.9583333,6.0833335,3.7,2.3833334,-8.916667,-3.3,-5.6166663,0.0,2.0,1.0,3.0,0.0,0.0,3,0,2,2,3,6,Austria Wien,32,TOP_TABLE,23.129927,0.652174,0.8888893,2.5185184,2.416666,10.035714,5.035714,5.0,-5.964286,-2.9642859,-2.9999998,1.0,0.0,3.0,2.0,0.0,0.0,4,5,3,2,1,1,3.1,3.5,2.2,1.8,2.0
17,1,O,Y,Y,Y,2,4,Rapid Wien,28,TOP_TABLE,11.419312,2.8342857,-1.895833,2.378788,-1.416667,9.738095,5.3333335,4.404762,-6.2619047,-2.6666667,-3.5952382,0.0,1.0,3.0,3.0,0.0,0.0,5,4,0,1,3,3,Rheindorf Altach,19,MIDLE_DOWN,4.7876396,2.5833333,1.4666667,4.25,-1.7017543,7.7500005,5.0833335,2.6666667,-8.25,-2.9166667,-5.3333335,0.0,1.0,2.0,2.0,0.0,0.0,5,1,0,1,3,6,1.36,5.0,7.5,1.57,2.35
18,X,U,Y,N,Y,1,2,Salzburg,32,TOP_TABLE,20.876863,0.36842155,2.6428566,1.1111107,-3.25,9.983333,5.5833335,4.4000006,-7.016667,-2.4166667,-4.6000004,2.0,1.0,4.0,3.0,0.0,0.0,6,3,1,4,1,2,Wolfsberger AC,15,BOTTOM_TABLE,3.3057992,4.0,-1.5833333,3.777778,-2.3076923,4.6000004,3.9333334,0.6666667,-11.4,-5.066667,-6.3333335,1.0,0.0,2.0,1.0,0.0,0.0,4,0,2,1,3,7,1.22,6.5,11.0,1.35,3.1
18,2,O,Y,Y,Y,2,4,Rheindorf Altach,19,MIDLE_DOWN,2.966211,-1.8214285,2.5833333,1.4666667,4.25,8.0,5.0833335,2.9166667,-9.0,-2.9166667,-6.0833335,0.0,1.0,2.0,2.0,0.0,0.0,5,1,0,1,3,7,Ried,16,BOTTOM_TABLE,11.654615,3.7948713,3.9,-1.7238097,2.3333337,6.75,4.366667,2.3833334,-9.25,-3.6333332,-5.6166663,1.0,2.0,2.0,3.0,0.0,0.0,4,0,2,2,3,6,2.05,3.4,3.5,2.05,1.75
18,2,U,Y,N,N,1,2,Mattersburg,23,MIDLE_UP,7.750679,1.090909,-1.8342857,-2.7777777,-1.5185184,8.192858,4.609524,3.5833333,-7.8071427,-3.3904762,-4.4166665,1.0,1.0,3.0,3.0,0.0,0.0,5,2,0,2,3,5,Grodig,20,MIDLE_DOWN,4.893422,1.6315789,-2.9,2.8958335,3.3076923,7.6000004,6.0333333,1.5666667,-8.4,-2.9666667,-5.4333334,1.0,1.0,3.0,2.0,0.0,0.0,5,0,3,2,1,6,2.0,3.5,3.6,1.68,2.15
18,1,O,Y,N,Y,1,3,Admira,24,MIDLE_UP,9.823696,-3.0,1.347826,0.5333338,-0.33333302,7.1833334,3.4166667,3.7666667,-8.816667,-3.5833335,-5.2333336,1.0,1.0,2.0,3.0,0.0,0.0,3,3,3,3,2,3,Rapid Wien,31,TOP_TABLE,14.24074,2.8214283,2.8342857,-1.895833,2.378788,10.488095,6.0833335,4.404762,-6.5119047,-2.9166667,-3.5952382,0.0,1.0,3.0,3.0,0.0,0.0,6,4,0,1,3,3,6.0,4.2,1.5,1.7,2.1
18,1,O,Y,Y,Y,2,3,Austria Wien,32,TOP_TABLE,20.335054,-2.7948723,0.652174,0.8888893,2.5185184,10.369047,5.035714,5.3333335,-6.6309524,-2.9642859,-3.6666665,1.0,1.0,3.0,3.0,0.0,0.0,4,5,3,2,1,2,Sturm Graz,25,TOP_TABLE,7.152922,0.909091,-1.6428571,2.7238092,-1.378788,8.833334,5.25,3.5833333,-7.1666665,-2.75,-4.416667,1.0,0.0,2.0,2.0,0.0,0.0,4,3,4,0,1,5,2.2,3.4,3.1,1.8,2.0
19,1,U,Y,N,N,1,2,Wolfsberger AC,16,BOTTOM_TABLE,5.4391327,2.1333334,4.0,-1.5833333,3.777778,5.1000004,3.9333334,1.1666667,-11.9,-5.066667,-6.8333335,1.0,0.0,2.0,1.0,0.0,0.0,4,0,2,2,3,7,Austria Wien,35,TOP_TABLE,22.887138,2.552084,-2.7948723,0.652174,0.8888893,11.035714,5.7023807,5.3333335,-6.964286,-3.297619,-3.6666665,1.0,1.0,3.0,3.0,0.0,0.0,5,5,3,2,1,2,2.38,3.4,2.88,1.85,1.95
19,X,U,Y,N,Y,1,2,Sturm Graz,25,TOP_TABLE,5.6008387,-1.5520835,0.909091,-1.6428571,2.7238092,9.166667,5.25,3.9166665,-7.833333,-2.75,-5.0833335,1.0,0.0,2.0,2.0,0.0,0.0,4,3,4,0,1,6,Admira,27,MIDLE_UP,12.448696,2.625,-3.0,1.347826,0.5333338,7.85,4.0833335,3.7666667,-9.15,-3.9166667,-5.2333336,1.0,1.0,2.0,3.0,0.0,0.0,4,3,3,3,2,3,1.5,4.5,5.75,1.73,2.08
19,1,O,Y,Y,Y,2,3,Rapid Wien,31,TOP_TABLE,12.61574,-1.625,2.8214283,2.8342857,-1.895833,10.821428,6.0833335,4.7380953,-7.178571,-2.9166667,-4.2619047,0.0,1.0,3.0,3.0,0.0,0.0,6,4,0,1,3,4,Ried,19,BOTTOM_TABLE,14.342115,2.6875,3.7948713,3.9,-1.7238097,7.5,4.366667,3.1333334,-9.5,-3.6333332,-5.8666663,1.0,2.0,2.0,3.0,0.0,0.0,4,1,2,2,3,6,1.36,5.0,7.5,1.57,2.35
19,2,O,Y,Y,N,2,3,Grodig,23,MIDLE_UP,8.043423,3.1500006,1.6315789,-2.9,2.8958335,8.6,6.0333333,2.5666666,-8.4,-2.9666667,-5.4333334,1.0,1.0,3.0,2.0,0.0,0.0,5,1,3,2,1,6,Rheindorf Altach,19,BOTTOM_TABLE,1.2787111,-1.6875,-1.8214285,2.5833333,1.4666667,8.25,5.3333335,2.9166667,-9.75,-3.6666667,-6.0833335,0.0,1.0,2.0,2.0,0.0,0.0,5,1,0,1,4,7,2.0,3.4,3.75,1.95,1.85
19,X,U,N,N,N,0,0,Mattersburg,23,MIDLE_DOWN,5.600679,-2.15,1.090909,-1.8342857,-2.7777777,8.192858,4.609524,3.5833333,-8.807142,-4.390476,-4.4166665,1.0,1.0,3.0,3.0,0.0,0.0,5,2,0,2,4,5,Salzburg,33,TOP_TABLE,20.74353,-0.1333332,0.36842155,2.6428566,1.1111107,10.483333,6.0833335,4.4000006,-7.516667,-2.9166667,-4.6000004,2.0,1.0,4.0,3.0,0.0,0.0,6,3,2,4,1,2,7.0,4.75,1.4,1.38,3.0
20,2,O,Y,N,Y,1,3,Austria Wien,35,TOP_TABLE,19.699638,-3.1875,2.552084,-2.7948723,0.652174,11.035714,5.7023807,5.3333335,-7.964286,-3.297619,-4.6666665,1.0,1.0,3.0,3.0,0.0,0.0,5,5,3,2,1,3,Rheindorf Altach,22,BOTTOM_TABLE,4.4892373,3.2105262,-1.6875,-1.8214285,2.5833333,9.25,5.3333335,3.9166667,-9.75,-3.6666667,-6.0833335,0.0,1.0,2.0,2.0,0.0,0.0,5,2,0,1,4,7,1.67,4.0,4.75,1.75,2.05
20,1,U,Y,N,N,1,2,Sturm Graz,26,MIDLE_UP,6.6808386,1.0799999,-1.5520835,0.909091,-1.6428571,9.666667,5.75,3.9166665,-8.333333,-3.25,-5.0833335,1.0,0.0,2.0,2.0,0.0,0.0,4,3,5,0,1,6,Grodig,23,MIDLE_DOWN,5.832896,-2.2105265,3.1500006,1.6315789,-2.9,8.6,6.0333333,2.5666666,-9.4,-3.9666667,-5.4333334,1.0,1.0,3.0,2.0,0.0,0.0,5,1,3,2,2,6,1.6,3.6,6.0,1.77,2.02
20,1,U,Y,N,N,1,1,Ried,19,BOTTOM_TABLE,12.621685,-1.7204304,2.6875,3.7948713,3.9,7.8333335,4.366667,3.4666667,-10.166667,-3.6333332,-6.533333,1.0,2.0,2.0,3.0,0.0,0.0,4,1,2,2,3,7,Wolfsberger AC,19,BOTTOM_TABLE,9.626633,4.1875,2.1333334,4.0,-1.5833333,6.1000004,4.9333334,1.1666667,-11.9,-5.066667,-6.8333335,1.0,0.0,2.0,1.0,0.0,0.0,5,0,2,2,3,7,2.6,3.3,2.63,2.05,1.75
20,X,U,Y,Y,Y,2,2,Admira,28,TOP_TABLE,13.368696,0.9200001,2.625,-3.0,1.347826,8.35,4.0833335,4.2666664,-9.65,-3.9166667,-5.7333336,1.0,1.0,2.0,3.0,0.0,0.0,4,3,3,4,2,3,Mattersburg,24,MIDLE_DOWN,7.0354614,1.4347825,-2.15,1.090909,-1.8342857,8.192858,4.609524,3.5833333,-8.807142,-4.390476,-4.4166665,1.0,1.0,3.0,3.0,0.0,0.0,5,2,1,2,4,5,2.2,3.75,2.9,1.77,2.02
20,1,U,Y,N,N,1,2,Salzburg,34,TOP_TABLE,21.308748,0.565218,-0.1333332,0.36842155,2.6428566,10.483333,6.0833335,4.4000006,-7.516667,-2.9166667,-4.6000004,2.0,1.0,4.0,2.0,0.0,0.0,6,3,2,5,1,2,Rapid Wien,34,TOP_TABLE,15.33617,2.7204304,-1.625,2.8214283,2.8342857,11.488095,6.75,4.7380953,-7.5119047,-3.25,-4.2619047,1.0,1.0,3.0,3.0,0.0,0.0,7,4,0,1,3,4,1.65,4.0,4.75,1.52,2.42
21,X,O,Y,Y,Y,3,4,Rheindorf Altach,25,MIDLE_UP,7.41348,2.9242425,3.2105262,-1.6875,-1.8214285,9.916667,5.3333335,4.5833335,-10.083333,-3.6666667,-6.416667,0.0,1.0,2.0,2.0,0.0,0.0,5,3,0,1,4,7,Sturm Graz,29,TOP_TABLE,9.796223,3.115384,1.0799999,-1.5520835,0.909091,10.666667,6.75,3.9166665,-8.333333,-3.25,-5.0833335,1.0,0.0,2.0,2.0,0.0,0.0,5,3,5,0,1,6,3.06,3.38,2.3400002,1.95,1.8
21,1,O,N,N,N,0,3,Rapid Wien,34,TOP_TABLE,13.33617,-2.0,2.7204304,-1.625,2.8214283,11.488095,6.75,4.7380953,-8.511905,-3.25,-5.2619047,1.0,1.0,3.0,3.0,0.0,0.0,7,4,0,1,3,5,Wolfsberger AC,19,BOTTOM_TABLE,7.6266327,-2.0,4.1875,2.1333334,4.0,6.1000004,4.9333334,1.1666667,-12.9,-5.066667,-7.8333335,1.0,0.0,2.0,1.0,0.0,0.0,5,0,2,2,3,8,1.53,4.2,5.75,1.9,1.9
21,X,O,Y,Y,Y,3,6,Mattersburg,25,MIDLE_DOWN,8.202128,1.166667,1.4347825,-2.15,1.090909,8.692858,4.609524,4.083333,-9.307142,-4.390476,-4.9166665,1.0,1.0,3.0,3.0,0.0,0.0,5,2,1,3,4,5,Ried,22,BOTTOM_TABLE,15.621685,3.0,-1.7204304,2.6875,3.7948713,8.833334,5.366667,3.4666667,-10.166667,-3.6333332,-6.533333,1.0,2.0,2.0,3.0,0.0,0.0,5,1,2,2,3,7,2.12,3.435,3.46,1.835,1.915
21,2,U,Y,N,N,1,1,Grodig,23,MIDLE_DOWN,3.7175117,-2.1153846,-2.2105265,3.1500006,1.6315789,8.6,6.0333333,2.5666666,-10.4,-3.9666667,-6.4333334,1.0,1.0,3.0,2.0,0.0,0.0,5,1,3,2,2,7,Austria Wien,35,TOP_TABLE,17.775396,-1.924242,-3.1875,2.552084,-2.7948723,11.369047,6.035714,5.3333335,-8.630953,-3.9642859,-4.6666665,1.0,1.0,3.0,3.0,0.0,0.0,5,5,3,2,2,3,3.335,3.46,2.165,1.915,1.835
21,2,O,N,N,Y,0,3,Admira,29,MIDLE_UP,14.202029,0.833333,0.9200001,2.625,-3.0,8.85,4.5833335,4.2666664,-10.15,-4.416667,-5.7333336,1.0,1.0,2.0,3.0,0.0,0.0,4,3,4,4,2,3,Salzburg,37,TOP_TABLE,24.308748,3.0,0.565218,-0.1333332,0.36842155,11.483333,7.0833335,4.4000006,-7.516667,-2.9166667,-4.6000004,1.0,1.0,4.0,2.0,0.0,0.0,7,3,2,5,1,2,5.0,4.5,1.5,1.55,2.38
22,1,U,N,N,N,0,1,Ried,23,BOTTOM_TABLE,16.758049,1.136364,3.0,-1.7204304,2.6875,9.333334,5.366667,3.9666667,-10.666667,-3.6333332,-7.033333,1.0,2.0,2.0,3.0,0.0,0.0,5,1,2,3,3,7,Salzburg,40,TOP_TABLE,26.858297,2.549549,3.0,0.565218,-0.1333332,12.15,7.0833335,5.066667,-7.8500004,-2.9166667,-4.933334,1.0,1.0,4.0,2.0,0.0,0.0,7,4,2,5,1,2,5.25,3.8,1.62,1.8,2.0
22,X,U,N,N,N,0,0,Wolfsberger AC,19,BOTTOM_TABLE,5.1854563,-2.4411764,-2.0,4.1875,2.1333334,6.1000004,4.9333334,1.1666667,-13.9,-5.066667,-8.833334,1.0,0.0,2.0,1.0,0.0,0.0,5,0,2,2,3,9,Sturm Graz,30,TOP_TABLE,10.636223,0.84000015,3.115384,1.0799999,-1.5520835,11.166667,6.75,4.4166665,-8.833333,-3.25,-5.5833335,1.0,0.0,2.0,2.0,0.0,0.0,5,3,5,1,1,6,2.75,3.0,2.7,2.05,1.75
22,2,O,N,N,Y,0,3,Rheindorf Altach,26,MIDLE_UP,8.57348,1.1599998,2.9242425,3.2105262,-1.6875,10.416667,5.8333335,4.5833335,-10.583333,-4.166667,-6.416667,1.0,1.0,2.0,2.0,0.0,0.0,5,3,1,1,4,7,Mattersburg,26,MIDLE_DOWN,9.065764,0.863636,1.166667,1.4347825,-2.15,9.192858,5.109524,4.083333,-9.807142,-4.890476,-4.9166665,1.0,1.0,3.0,3.0,0.0,0.0,5,2,2,3,4,5,1.895,3.5700002,4.105,1.765,1.985
22,X,O,Y,N,Y,1,4,Grodig,23,BOTTOM_TABLE,1.3746545,-2.3428571,-2.1153846,-2.2105265,3.1500006,8.6,6.0333333,2.5666666,-11.4,-4.9666667,-6.4333334,1.0,1.0,2.0,2.0,0.0,0.0,5,1,3,2,3,7,Admira,29,MIDLE_UP,12.652479,-1.54955,0.833333,0.9200001,2.625,9.183333,4.916667,4.2666664,-10.816667,-5.0833335,-5.7333336,1.0,1.0,2.0,3.0,0.0,0.0,4,3,4,4,3,3,2.3,3.2,3.1,2.0,1.8
22,2,O,Y,Y,N,2,3,Austria Wien,38,TOP_TABLE,21.118254,3.3428574,-1.924242,-3.1875,2.552084,12.369047,6.035714,6.3333335,-8.630953,-3.9642859,-4.6666665,1.0,1.0,3.0,2.0,0.0,0.0,5,6,3,2,2,3,Rapid Wien,37,TOP_TABLE,16.777348,3.4411774,-2.0,2.7204304,-1.625,12.488095,7.75,4.7380953,-8.511905,-3.25,-5.2619047,0.0,1.0,3.0,3.0,0.0,0.0,8,4,0,1,3,5,2.725,3.4299998,2.5349998,1.785,1.9649999
23,X,O,Y,Y,Y,3,4,Austria Wien,38,TOP_TABLE,19.091227,-2.0270271,3.3428574,-1.924242,-3.1875,12.369047,6.035714,6.3333335,-9.630953,-4.964286,-4.6666665,1.0,1.0,3.0,2.0,0.0,0.0,5,6,3,2,3,3,Mattersburg,29,MIDLE_UP,11.399097,2.333333,0.863636,1.166667,1.4347825,9.859525,5.109524,4.7499995,-10.140475,-4.890476,-5.25,1.0,1.0,3.0,3.0,0.0,0.0,5,3,2,3,4,5,1.635,3.9,5.2650003,1.64,2.19
23,1,U,N,N,N,0,2,Wolfsberger AC,20,BOTTOM_TABLE,6.7644033,1.5789471,-2.4411764,-2.0,4.1875,6.1000004,4.9333334,1.1666667,-13.9,-5.066667,-8.833334,1.0,0.0,2.0,1.0,0.0,0.0,5,0,3,2,3,9,Grodig,24,BOTTOM_TABLE,2.635524,1.2608695,-2.3428571,-2.1153846,-2.2105265,9.1,6.5333333,2.5666666,-11.9,-5.4666667,-6.4333334,1.0,1.0,3.0,2.0,0.0,0.0,5,1,4,2,3,7,1.75,3.6,4.5,2.0,1.8
23,1,U,N,N,N,0,2,Salzburg,40,TOP_TABLE,24.119167,-2.73913,2.549549,3.0,0.565218,12.15,7.0833335,5.066667,-8.85,-2.9166667,-5.933334,1.0,1.0,4.0,2.0,0.0,0.0,7,4,2,5,1,3,Rheindorf Altach,26,MIDLE_DOWN,7.2401466,-1.333333,1.1599998,2.9242425,3.2105262,10.75,6.166667,4.5833335,-11.25,-4.8333335,-6.416667,1.0,1.0,2.0,2.0,0.0,0.0,5,3,1,1,5,7,1.3,5.5,8.5,1.55,2.38
23,X,U,N,N,N,0,0,Admira,30,MIDLE_UP,13.391609,0.73913,-1.54955,0.833333,0.9200001,9.683333,4.916667,4.7666664,-11.316667,-5.0833335,-6.2333336,1.0,1.0,2.0,3.0,0.0,0.0,4,3,4,5,3,3,Ried,26,MIDLE_DOWN,20.497179,3.73913,1.136364,3.0,-1.7204304,10.333334,6.366667,3.9666667,-10.666667,-3.6333332,-7.033333,1.0,2.0,1.0,3.0,0.0,0.0,6,1,2,3,3,7,2.2,3.5,3.1,1.95,1.85
23,2,U,Y,N,N,1,2,Sturm Graz,31,TOP_TABLE,11.057276,0.42105293,0.84000015,3.115384,1.0799999,11.166667,6.75,4.4166665,-8.833333,-3.25,-5.5833335,1.0,0.0,2.0,2.0,0.0,0.0,5,3,5,2,1,6,Rapid Wien,40,TOP_TABLE,19.804375,3.0270271,3.4411774,-2.0,2.7204304,13.488095,7.75,5.7380953,-8.511905,-3.25,-5.2619047,0.0,1.0,3.0,3.0,0.0,0.0,8,5,0,1,3,5,2.42,3.365,2.85,1.9100001,1.86
24,2,U,N,N,N,0,1,Ried,27,MIDLE_DOWN,21.651026,1.1538467,3.73913,1.136364,3.0,10.333334,6.366667,3.9666667,-10.666667,-3.6333332,-7.033333,1.0,2.0,1.0,3.0,0.0,0.0,6,1,2,4,3,7,Sturm Graz,31,TOP_TABLE,8.832275,-2.2250004,0.42105293,0.84000015,3.115384,11.166667,6.75,4.4166665,-9.833333,-4.25,-5.5833335,1.0,0.0,2.0,2.0,0.0,0.0,5,3,5,2,2,6,2.785,3.24,2.4050002,2.025,1.73
24,2,O,Y,N,Y,1,3,Rheindorf Altach,26,MIDLE_DOWN,4.8901467,-2.35,-1.333333,1.1599998,2.9242425,10.75,6.166667,4.5833335,-12.25,-4.8333335,-7.416667,1.0,1.0,2.0,2.0,0.0,0.0,5,3,1,1,5,8,Admira,31,MIDLE_UP,14.237763,0.8461542,0.73913,-1.54955,0.833333,9.683333,4.916667,4.7666664,-11.316667,-5.0833335,-6.2333336,1.0,1.0,2.0,3.0,0.0,0.0,4,3,5,5,3,3,2.25,3.2,3.25,2.08,1.73
24,X,U,Y,N,Y,1,2,Mattersburg,30,MIDLE_UP,12.709442,1.3103447,2.333333,0.863636,1.166667,10.359525,5.109524,5.2499995,-10.640475,-4.890476,-5.75,1.0,1.0,3.0,3.0,0.0,0.0,5,3,2,4,4,5,Wolfsberger AC,23,BOTTOM_TABLE,9.964403,3.1999998,1.5789471,-2.4411764,-2.0,7.1000004,5.9333334,1.1666667,-13.9,-5.066667,-8.833334,1.0,0.0,2.0,1.0,0.0,0.0,6,0,3,2,3,9,2.9,3.3,2.38,1.9,1.9
24,1,O,Y,Y,Y,2,5,Rapid Wien,43,TOP_TABLE,23.029375,3.2250004,3.0270271,3.4411774,-2.0,14.488095,7.75,6.7380953,-8.511905,-3.25,-5.2619047,0.0,1.0,3.0,3.0,0.0,0.0,8,6,0,1,3,5,Grodig,24,BOTTOM_TABLE,0.435524,-2.2,1.2608695,-2.3428571,-2.1153846,9.1,6.5333333,2.5666666,-12.9,-5.4666667,-7.4333334,1.0,1.0,3.0,2.0,0.0,0.0,5,1,4,2,3,8,1.365,4.7200003,7.185,1.57,2.3
24,1,O,Y,Y,Y,4,5,Salzburg,43,TOP_TABLE,27.469168,3.3500004,-2.73913,2.549549,3.0,13.15,8.083334,5.066667,-8.85,-2.9166667,-5.933334,1.0,1.0,3.0,2.0,0.0,0.0,8,4,2,5,1,3,Austria Wien,39,TOP_TABLE,19.780882,0.6896553,-2.0270271,3.3428574,-1.924242,12.869047,6.535714,6.3333335,-10.130953,-5.464286,-4.6666665,1.0,1.0,3.0,2.0,0.0,0.0,5,6,4,2,3,3,1.4,4.75,7.0,1.65,2.2
25,1,U,Y,N,N,1,1,Wolfsberger AC,24,BOTTOM_TABLE,11.268751,1.304348,3.1999998,1.5789471,-2.4411764,7.6000004,5.9333334,1.6666667,-14.4,-5.066667,-9.333334,1.0,0.0,2.0,1.0,0.0,0.0,6,0,3,3,3,9,Rheindorf Altach,26,MIDLE_DOWN,3.395523,-1.4946237,-2.35,-1.333333,1.1599998,11.083333,6.5000005,4.5833335,-12.916667,-5.5,-7.416667,1.0,1.0,2.0,2.0,0.0,0.0,5,3,1,1,6,8,1.7,3.75,4.75,2.1,1.7
25,1,O,Y,Y,N,2,3,Rapid Wien,46,TOP_TABLE,25.671236,2.641861,3.2250004,3.0270271,3.4411774,15.088096,8.35,6.7380953,-8.911904,-3.65,-5.2619047,1.0,1.0,3.0,3.0,0.0,0.0,9,6,0,1,3,5,Mattersburg,31,MIDLE_UP,13.405094,0.695652,1.3103447,2.333333,0.863636,10.859525,5.609524,5.2499995,-11.140475,-5.390476,-5.75,1.0,1.0,3.0,3.0,0.0,0.0,5,3,3,4,4,5,1.365,4.885,7.085,1.56,2.39
25,X,O,N,N,Y,0,4,Grodig,24,BOTTOM_TABLE,-1.2063365,-1.6418605,-2.2,1.2608695,-2.3428571,9.5,6.5333333,2.9666667,-13.5,-5.4666667,-8.033334,1.0,1.0,3.0,2.0,0.0,0.0,5,1,4,2,3,9,Ried,27,MIDLE_DOWN,19.521994,-2.1290321,1.1538467,3.73913,1.136364,10.333334,6.366667,3.9666667,-11.666667,-4.633333,-7.033333,0.0,2.0,1.0,3.0,0.0,0.0,6,1,2,4,4,7,2.415,3.23,2.79,1.9849999,1.7850001
25,2,O,Y,N,N,1,3,Admira,34,MIDLE_UP,16.732388,2.4946241,0.8461542,0.73913,-1.54955,10.35,4.916667,5.433333,-11.65,-5.0833335,-6.566667,1.0,1.0,2.0,3.0,0.0,0.0,4,4,5,5,3,3,Austria Wien,39,TOP_TABLE,18.087858,-1.6930237,0.6896553,-2.0270271,3.3428574,13.069047,6.535714,6.5333333,-10.930953,-5.464286,-5.4666667,1.0,1.0,3.0,3.0,0.0,0.0,5,6,4,2,3,4,2.9,3.25,2.4,1.95,1.85
25,X,U,N,N,N,0,0,Sturm Graz,34,TOP_TABLE,11.961308,3.1290321,-2.2250004,0.42105293,0.84000015,12.166667,6.75,5.4166665,-9.833333,-4.25,-5.5833335,1.0,0.0,2.0,2.0,0.0,0.0,5,4,5,2,2,6,Salzburg,46,TOP_TABLE,30.162191,2.6930237,3.3500004,-2.73913,2.549549,13.95,8.883334,5.066667,-9.05,-3.1166668,-5.933334,1.0,1.0,3.0,2.0,0.0,0.0,9,4,2,5,1,3,4.0,3.6,1.85,1.8,2.0
26,1,O,Y,N,N,1,3,Salzburg,47,TOP_TABLE,30.80925,0.6470585,2.6930237,3.3500004,-2.73913,13.95,8.883334,5.066667,-9.05,-3.1166668,-5.933334,1.0,1.0,3.0,2.0,0.0,0.0,9,4,2,6,1,3,Grodig,25,BOTTOM_TABLE,-0.0813365,1.125,-1.6418605,-2.2,1.2608695,10.0,7.0333333,2.9666667,-14.0,-5.9666667,-8.033334,1.0,1.0,3.0,2.0,0.0,0.0,5,1,5,2,3,9,1.215,7.2,11.25,1.405,2.855
26,1,U,Y,N,N,1,1,Mattersburg,31,MIDLE_UP,11.079007,-2.326087,0.695652,1.3103447,2.333333,10.859525,5.609524,5.2499995,-12.140475,-5.390476,-6.75,1.0,1.0,3.0,3.0,0.0,0.0,5,3,3,4,4,6,Sturm Graz,35,TOP_TABLE,13.314249,1.3529415,3.1290321,-2.2250004,0.42105293,12.166667,6.75,5.4166665,-9.833333,-4.25,-5.5833335,1.0,0.0,2.0,2.0,0.0,0.0,5,4,6,2,2,6,3.4633331,3.4633331,2.0900002,1.9166666,1.8833333
26,1,O,Y,N,Y,1,4,Austria Wien,42,TOP_TABLE,21.216063,3.1282043,-1.6930237,0.6896553,-2.0270271,14.069047,6.535714,7.5333333,-10.930953,-5.464286,-5.4666667,1.0,1.0,3.0,3.0,0.0,0.0,5,7,4,2,3,4,Ried,28,MIDLE_DOWN,20.396994,0.875,-2.1290321,1.1538467,3.73913,10.833334,6.366667,4.4666667,-12.166667,-4.633333,-7.533333,0.0,2.0,1.0,3.0,0.0,0.0,6,1,2,5,4,7,1.7433333,3.6666667,4.6233335,1.8033333,2.0
26,2,U,Y,Y,N,2,2,Admira,34,MIDLE_UP,14.604182,-2.1282053,2.4946241,0.8461542,0.73913,10.35,4.916667,5.433333,-12.65,-6.0833335,-6.566667,1.0,1.0,2.0,3.0,0.0,0.0,4,4,5,5,4,3,Wolfsberger AC,27,MIDLE_DOWN,14.352084,3.083333,1.304348,3.1999998,1.5789471,8.6,6.9333334,1.6666667,-14.4,-5.066667,-9.333334,1.0,0.0,2.0,1.0,0.0,0.0,7,0,3,3,3,9,2.595,3.225,2.8850002,2.1599998,1.73
26,X,U,N,N,N,0,0,Rheindorf Altach,26,BOTTOM_TABLE,1.3121896,-2.0833335,-1.4946237,-2.35,-1.333333,11.083333,6.5000005,4.5833335,-13.916667,-5.5,-8.416667,1.0,1.0,2.0,2.0,0.0,0.0,5,3,1,1,6,9,Rapid Wien,49,TOP_TABLE,28.997322,3.326086,2.641861,3.2250004,3.0270271,16.088097,9.35,6.7380953,-8.911904,-3.65,-5.2619047,1.0,1.0,3.0,3.0,0.0,0.0,10,6,0,1,3,5,4.3933334,3.7766666,1.7599999,1.7633333,2.0533333
27,X,U,Y,N,Y,1,2,Wolfsberger AC,30,MIDLE_DOWN,17.611343,3.2592592,3.083333,1.304348,3.1999998,9.6,6.9333334,2.6666667,-14.4,-5.066667,-9.333334,1.0,0.0,2.0,1.0,0.0,0.0,7,1,3,3,3,9,Salzburg,50,TOP_TABLE,34.277336,3.4680862,0.6470585,2.6930237,3.3500004,14.95,9.883334,5.066667,-9.05,-3.1166668,-5.933334,1.0,1.0,3.0,2.0,0.0,0.0,10,4,2,6,1,3,5.3,4.0,1.655,1.815,2.045
27,2,U,Y,Y,N,2,2,Ried,28,MIDLE_DOWN,18.56366,-1.833334,0.875,-2.1290321,1.1538467,11.083334,6.366667,4.7166667,-12.916667,-4.633333,-8.283333,0.0,1.0,1.0,3.0,0.0,0.0,6,1,2,5,4,8,Rheindorf Altach,27,BOTTOM_TABLE,3.196805,1.8846154,-2.0833335,-1.4946237,-2.35,11.083333,6.5000005,4.5833335,-13.916667,-5.5,-8.416667,0.0,1.0,2.0,2.0,0.0,0.0,5,3,2,1,6,9,1.85,3.825,4.175,1.65,1.5833334
27,2,O,Y,Y,N,2,4,Rapid Wien,50,TOP_TABLE,29.112707,0.115385056,3.326086,2.641861,3.2250004,16.088097,9.35,6.7380953,-8.911904,-3.65,-5.2619047,1.0,1.0,3.0,3.0,0.0,0.0,10,6,0,2,3,5,Admira,34,MIDLE_UP,12.344923,-2.2592592,-2.1282053,2.4946241,0.8461542,10.35,4.916667,5.433333,-13.65,-7.0833335,-6.566667,1.0,1.0,2.0,3.0,0.0,0.0,4,4,5,5,5,3,1.425,4.64,7.85,1.65,2.29
27,2,U,Y,N,N,1,1,Grodig,25,BOTTOM_TABLE,-2.5494215,-2.468085,1.125,-1.6418605,-2.2,10.0,7.0333333,2.9666667,-15.0,-5.9666667,-9.033334,1.0,1.0,3.0,2.0,0.0,0.0,5,1,5,2,3,10,Mattersburg,34,MIDLE_UP,14.208039,3.1290321,-2.326087,0.695652,1.3103447,11.859525,6.609524,5.2499995,-12.140475,-5.390476,-6.75,1.0,1.0,3.0,3.0,0.0,0.0,6,3,3,4,4,6,2.085,3.55,3.5749998,1.6333333,1.6
27,X,U,N,N,Y,0,2,Sturm Graz,35,TOP_TABLE,11.185217,-2.1290321,1.3529415,3.1290321,-2.2250004,12.166667,6.75,5.4166665,-10.833333,-4.25,-6.5833335,1.0,0.0,2.0,2.0,0.0,0.0,5,4,6,2,2,7,Austria Wien,45,TOP_TABLE,24.049397,2.833334,3.1282043,-1.6930237,0.6896553,14.819047,7.285714,7.5333333,-11.180953,-5.714286,-5.4666667,1.0,1.0,3.0,3.0,0.0,0.0,6,7,4,2,3,4,2.065,3.525,3.625,1.64,1.5933332
28,X,U,N,N,N,0,0,Austria Wien,46,TOP_TABLE,24.763681,0.7142849,2.833334,3.1282043,-1.6930237,15.319047,7.285714,8.033333,-11.680953,-5.714286,-5.9666667,1.0,1.0,3.0,2.0,0.0,0.0,6,7,4,3,3,4,Wolfsberger AC,31,MIDLE_DOWN,19.27801,1.666666,3.2592592,3.083333,1.304348,10.1,7.4333334,2.6666667,-14.9,-5.566667,-9.333334,1.0,0.0,2.0,1.0,0.0,0.0,7,1,4,3,3,9,1.7950001,3.65,4.675,1.99,1.8599999
28,1,O,Y,Y,Y,2,3,Salzburg,51,TOP_TABLE,34.61067,0.33333206,3.4680862,0.6470585,2.6930237,15.45,9.883334,5.566667,-9.55,-3.1166668,-6.433334,1.0,1.0,3.0,2.0,0.0,0.0,10,4,2,7,1,3,Mattersburg,37,MIDLE_UP,17.472746,3.2647066,3.1290321,-2.326087,0.695652,12.859525,6.609524,6.2499995,-12.140475,-5.390476,-6.75,1.0,1.0,3.0,3.0,0.0,0.0,6,4,3,4,4,6,1.21,7.2,13.0,1.415,2.825
28,1,U,N,N,N,0,1,Rheindorf Altach,30,MIDLE_DOWN,6.233842,3.037037,1.8846154,-2.0833335,-1.4946237,12.083333,6.5000005,5.5833335,-13.916667,-5.5,-8.416667,0.0,1.0,2.0,2.0,0.0,0.0,5,4,2,1,6,9,Grodig,25,BOTTOM_TABLE,-4.8141274,-2.264706,-2.468085,1.125,-1.6418605,10.0,7.0333333,2.9666667,-16.0,-6.9666667,-9.033334,1.0,1.0,2.0,2.0,0.0,0.0,5,1,5,2,4,10,2.105,3.425,3.625,1.8666667,1.9666666
28,1,U,N,N,N,0,1,Admira,37,TOP_TABLE,15.815512,3.4705887,-2.2592592,-2.1282053,2.4946241,11.35,4.916667,6.433333,-13.65,-7.0833335,-6.566667,1.0,1.0,2.0,3.0,0.0,0.0,4,5,5,5,5,3,Sturm Graz,36,MIDLE_UP,12.470931,1.2857141,-2.1290321,1.3529415,3.1290321,12.666667,7.25,5.4166665,-11.333333,-4.75,-6.5833335,1.0,0.0,2.0,2.0,0.0,0.0,5,4,7,2,2,7,3.775,3.55,2.01,2.0349998,1.815
28,1,U,N,N,N,0,1,Ried,28,BOTTOM_TABLE,16.526623,-2.037037,-1.833334,0.875,-2.1290321,11.083334,6.366667,4.7166667,-13.916667,-5.633333,-8.283333,1.0,1.0,1.0,3.0,0.0,0.0,6,1,2,5,5,8,Rapid Wien,50,TOP_TABLE,26.642118,-2.4705887,0.115385056,3.326086,2.641861,16.088097,9.35,6.7380953,-9.911904,-4.65,-5.2619047,1.0,1.0,3.0,3.0,0.0,0.0,10,6,0,2,4,5,3.875,3.55,1.98,1.7733332,2.0466666
29,2,O,N,N,Y,0,4,Grodig,25,BOTTOM_TABLE,-6.980794,-2.1666665,-2.264706,-2.468085,1.125,10.0,7.0333333,2.9666667,-17.0,-6.9666667,-10.033334,1.0,1.0,2.0,2.0,0.0,0.0,5,1,5,2,4,11,Sturm Graz,36,MIDLE_UP,10.443904,-2.0270271,1.2857141,-2.1290321,1.3529415,12.666667,7.25,5.4166665,-12.333333,-4.75,-7.5833335,1.0,0.0,2.0,1.0,0.0,0.0,5,4,7,2,2,8,3.4566667,3.3700001,2.1033335,2.0433333,1.77
29,1,U,N,N,N,0,1,Wolfsberger AC,32,MIDLE_DOWN,20.76188,1.4838715,1.666666,3.2592592,3.083333,10.1,7.4333334,2.6666667,-14.9,-5.566667,-9.333334,1.0,0.0,2.0,1.0,0.0,0.0,7,1,4,4,3,9,Ried,31,BOTTOM_TABLE,20.312336,3.7857132,-2.037037,-1.833334,0.875,12.083334,7.366667,4.7166667,-13.916667,-5.633333,-8.283333,0.0,1.0,1.0,3.0,0.0,0.0,7,1,2,5,5,8,2.0349998,3.4,3.875,2.15,1.725
29,1,U,Y,N,N,1,2,Rheindorf Altach,33,MIDLE_DOWN,9.400509,3.166667,3.037037,1.8846154,-2.0833335,13.083333,7.5000005,5.5833335,-13.916667,-5.5,-8.416667,0.0,1.0,2.0,2.0,0.0,0.0,6,4,2,1,6,9,Austria Wien,47,TOP_TABLE,25.27981,0.51612854,0.7142849,2.833334,3.1282043,15.319047,7.285714,8.033333,-11.680953,-5.714286,-5.9666667,1.0,1.0,3.0,2.0,0.0,0.0,6,7,5,3,3,4,3.2366667,3.4366665,2.1833334,1.89,1.91
29,2,O,N,N,N,0,3,Mattersburg,37,MIDLE_UP,15.8649025,-1.6078434,3.2647066,3.1290321,-2.326087,13.192858,6.609524,6.583333,-12.807142,-5.390476,-7.4166665,1.0,1.0,3.0,3.0,0.0,0.0,6,4,3,4,4,7,Admira,40,TOP_TABLE,18.842539,3.0270271,3.4705887,-2.2592592,-2.1282053,12.35,5.916667,6.433333,-13.65,-7.0833335,-6.566667,1.0,1.0,2.0,3.0,0.0,0.0,5,5,5,5,5,3,2.135,3.45,3.575,1.925,1.925
29,X,U,N,N,Y,0,2,Rapid Wien,50,TOP_TABLE,23.856403,-2.785715,-2.4705887,0.115385056,3.326086,16.088097,9.35,6.7380953,-10.911904,-4.65,-6.2619047,1.0,1.0,3.0,2.0,0.0,0.0,10,6,0,2,4,6,Salzburg,54,TOP_TABLE,37.218513,2.6078453,0.33333206,3.4680862,0.6470585,16.116667,10.550001,5.566667,-9.883333,-3.45,-6.433334,1.0,1.0,3.0,2.0,0.0,0.0,11,4,2,7,1,3,3.045,3.45,2.355,1.715,2.185
30,1,O,Y,Y,Y,3,5,Sturm Graz,39,MIDLE_UP,13.249459,2.8055553,-2.0270271,1.2857141,-2.1290321,13.416667,7.25,6.1666665,-12.583333,-4.75,-7.8333335,1.0,0.0,2.0,2.0,0.0,0.0,5,5,7,2,2,8,Rheindorf Altach,36,MIDLE_DOWN,12.824751,3.424242,3.166667,3.037037,1.8846154,14.083333,8.5,5.5833335,-13.916667,-5.5,-8.416667,0.0,1.0,2.0,2.0,0.0,0.0,7,4,2,1,6,9,1.45,4.0,8.0,1.85,1.95
30,X,O,Y,Y,Y,2,4,Wolfsberger AC,35,MIDLE_DOWN,23.79313,3.03125,1.4838715,1.666666,3.2592592,11.1,8.433333,2.6666667,-14.9,-5.566667,-9.333334,1.0,0.0,2.0,1.0,0.0,0.0,8,1,4,4,3,9,Rapid Wien,51,TOP_TABLE,24.936403,1.0799999,-2.785715,-2.4705887,0.115385056,16.588097,9.85,6.7380953,-11.411904,-5.15,-6.2619047,1.0,1.0,3.0,2.0,0.0,0.0,10,6,1,2,4,6,3.4,3.5,2.05,2.05,1.75
30,1,U,N,N,N,0,1,Ried,31,BOTTOM_TABLE,18.281086,-2.03125,3.7857132,-2.037037,-1.833334,12.083334,7.366667,4.7166667,-14.916667,-5.633333,-9.283333,0.0,1.0,1.0,3.0,0.0,0.0,7,1,2,5,5,9,Mattersburg,37,MIDLE_UP,13.789903,-2.0749998,-1.6078434,3.2647066,3.1290321,13.192858,6.609524,6.583333,-13.807142,-6.390476,-7.4166665,1.0,1.0,3.0,3.0,0.0,0.0,6,4,3,4,5,7,2.0,3.3,3.8,1.8,2.0
30,2,U,N,N,N,0,2,Austria Wien,47,TOP_TABLE,22.855568,-2.424242,0.51612854,0.7142849,2.833334,15.319047,7.285714,8.033333,-12.680953,-5.714286,-6.9666667,1.0,1.0,3.0,2.0,0.0,0.0,6,7,5,3,3,5,Grodig,25,BOTTOM_TABLE,-8.786349,-1.8055553,-2.1666665,-2.264706,-2.468085,10.25,7.2833333,2.9666667,-17.75,-7.7166667,-10.033334,1.0,1.0,3.0,2.0,0.0,0.0,5,1,5,2,5,11,1.4,4.5,8.0,1.65,2.2
30,1,U,N,N,N,0,1,Salzburg,55,TOP_TABLE,38.13851,0.91999817,2.6078453,0.33333206,3.4680862,16.616667,10.550001,6.066667,-10.383333,-3.45,-6.933334,1.0,1.0,3.0,2.0,0.0,0.0,11,4,2,8,1,3,Admira,43,TOP_TABLE,21.91754,3.0750008,3.0270271,3.4705887,-2.2592592,13.35,5.916667,7.433333,-13.65,-7.0833335,-6.566667,1.0,1.0,2.0,3.0,0.0,0.0,5,6,5,5,5,3,1.22,6.5,11.0,1.0,1.0
31,1,O,Y,N,Y,1,3,Salzburg,58,TOP_TABLE,41.356693,3.2181816,0.91999817,2.6078453,0.33333206,17.616667,11.550001,6.066667,-10.383333,-3.45,-6.933334,1.0,1.0,3.0,2.0,0.0,0.0,12,4,2,8,1,3,Ried,34,BOTTOM_TABLE,21.474634,3.1935482,-2.03125,3.7857132,-2.037037,13.083334,8.366667,4.7166667,-14.916667,-5.633333,-9.283333,0.0,1.0,1.0,3.0,0.0,0.0,8,1,2,5,5,9,1.255,6.025,11.5,1.49,2.5549998
31,1,U,N,N,N,0,1,Sturm Graz,42,MIDLE_UP,15.926382,2.6769228,2.8055553,-2.0270271,1.2857141,14.216667,8.05,6.1666665,-12.783333,-4.95,-7.8333335,1.0,0.0,2.0,2.0,0.0,0.0,6,5,7,2,2,8,Wolfsberger AC,36,MIDLE_DOWN,25.250275,1.4571438,3.03125,1.4838715,1.666666,11.6,8.933333,2.6666667,-15.4,-6.066667,-9.333334,1.0,0.0,2.0,1.0,0.0,0.0,8,1,5,4,3,9,1.335,2.3,3.125,1.5,1.4
31,X,U,N,N,N,0,0,Mattersburg,37,MIDLE_UP,11.5963545,-2.1935482,-2.0749998,-1.6078434,3.2647066,13.192858,6.609524,6.583333,-14.807142,-6.390476,-8.416666,1.0,1.0,3.0,3.0,0.0,0.0,6,4,3,4,5,8,Rheindorf Altach,36,MIDLE_DOWN,11.147828,-1.6769228,3.424242,3.166667,3.037037,14.283333,8.5,5.7833333,-14.716667,-5.5,-9.216667,0.0,1.0,2.0,2.0,0.0,0.0,7,4,2,1,6,10,2.0549998,3.5500002,3.625,1.905,1.95
31,X,U,N,N,Y,0,2,Admira,43,MIDLE_UP,19.699358,-2.2181816,3.0750008,3.0270271,3.4705887,13.35,5.916667,7.433333,-14.65,-7.0833335,-7.566667,1.0,1.0,2.0,3.0,0.0,0.0,5,6,5,5,5,4,Grodig,28,BOTTOM_TABLE,-4.906349,3.88,-1.8055553,-2.1666665,-2.264706,11.25,7.2833333,3.9666667,-17.75,-7.7166667,-10.033334,1.0,1.0,3.0,2.0,0.0,0.0,5,2,5,2,5,11,1.95,3.5,3.8,1.73,2.08
31,1,U,N,N,N,0,1,Rapid Wien,52,TOP_TABLE,25.47926,0.5428562,1.0799999,-2.785715,-2.4705887,17.088097,9.85,7.2380953,-11.911904,-5.15,-6.7619047,1.0,1.0,3.0,3.0,0.0,0.0,10,6,1,3,4,6,Austria Wien,47,TOP_TABLE,19.975567,-2.880001,-2.424242,0.51612854,0.7142849,15.319047,7.285714,8.033333,-13.680953,-6.714286,-6.9666667,1.0,1.0,3.0,2.0,0.0,0.0,6,7,5,3,4,5,2.0,3.6,3.5,1.73,2.08
