week,headOutcome,scoreOutcome,ht1pOutcome,ht2pOutcome,ggOutcome,totHtScore,totFtScore,t1,t1Points,t1Classification,t1Form,t1Form1Diff,t1Form2Diff,t1Form3Diff,t1Form4Diff,t1Atack,t1AtackIn,t1AtackOut,t1Defense,t1DefenseIn,t1DefenseOut,t1AvgHtScoreIn,t1AvgHtScoreOut,t1AvgFtScoreIn,t1AvgFtScoreOut,t1AvgHtGgResult,t1AvgFtGgResult,t1WinsIn,t1WinsOut,t1DrawsIn,t1DrawsOut,t1LosesIn,t1LosesOut,t2,t2Points,t2Classification,t2Form,t2Form1Diff,t2Form2Diff,t2Form3Diff,t2Form4Diff,t2Atack,t2AtackIn,t2AtackOut,t2Defense,t2DefenseIn,t2DefenseOut,t2AvgHtScoreIn,t2AvgHtScoreOut,t2AvgFtScoreIn,t2AvgFtScoreOut,t2AvgHtGgResult,t2AvgFtGgResult,t2WinsIn,t2WinsOut,t2DrawsIn,t2DrawsOut,t2LosesIn,t2LosesOut,bet_1,bet_X,bet_2,bet_O,bet_U
5,X,U,N,N,N,0,0,GAIS,4,MIDLE_DOWN,0.0,-2.0,1.0,-2.0,3.0,1.5,1.5,0.0,-2.5,-0.5,-2.0,0.0,1.0,2.0,2.0,0.0,0.0,1,0,1,0,0,2,Orgryte,7,TOP_TABLE,4.5,2.5,3.0,-2.0,1.0,2.25,0.75,1.5,-1.75,-1.25,-0.5,1.0,1.0,2.0,1.0,0.0,0.0,1,1,0,1,1,0,2.9166667,3.1666667,2.4,2.19,1.68
5,2,O,Y,N,N,1,3,Degerfors,2,BOTTOM_TABLE,-1.5,-1.5,1.0,1.0,-2.0,1.25,0.5,0.75,-2.75,-1.5,-1.25,1.0,2.0,3.0,3.0,0.0,0.0,0,0,1,1,1,1,Atvidaberg,4,MIDLE_DOWN,2.3841858E-7,2.3333335,1.0,-2.0,-1.3333333,1.5,0.6666667,0.8333334,-2.5,-1.3333334,-1.1666667,1.0,1.0,3.0,3.0,0.0,0.0,1,0,0,1,1,1,2.315,3.3125,3.06,2.0774999,1.7750001
5,X,O,Y,N,Y,1,4,Varberg,7,MIDLE_UP,4.3333335,3.0,-2.0,1.0,2.3333335,2.1666667,0.6666667,1.5,-1.8333334,-1.3333334,-0.5,1.0,0.0,2.0,2.0,0.0,0.0,1,1,0,1,1,0,Frej,4,MIDLE_DOWN,2.3841858E-7,-1.3333333,1.0,2.3333335,-2.0,1.5000001,1.0,0.5,-2.5,-1.0,-1.5,1.0,1.0,3.0,3.0,0.0,0.0,1,0,0,1,1,1,1.66,3.7633333,5.4666667,2.0933332,1.75
5,1,U,Y,N,N,1,1,Ljungskile,5,MIDLE_UP,3.0,-2.0,1.0,3.0,1.0,2.0,1.0,1.0,-2.0,-1.0,-1.0,1.0,0.0,3.0,1.0,0.0,0.0,0,1,2,0,0,1,Dalkurd,7,MIDLE_UP,5.0,2.9999998,2.3333335,1.0,-1.3333333,2.5,1.5,1.0,-1.5000001,-0.5,-1.0,0.0,0.0,1.0,3.0,0.0,0.0,1,1,1,0,0,1,3.03125,3.10625,2.4525,1.7125001,1.29
5,2,U,Y,N,N,1,2,Assyriska,3,BOTTOM_TABLE,-2.333333,-1.3333333,-2.0,-1.3333333,2.3333335,1.3333334,0.6666667,0.6666667,-2.6666667,-1.3333334,-1.3333334,0.0,0.0,2.0,3.0,0.0,0.0,1,0,0,0,1,2,Halmstad,9,TOP_TABLE,7.666667,3.0,3.0000002,3.0,-1.3333333,3.3333335,2.0,1.3333334,-0.6666667,0.0,-0.6666667,2.0,1.0,2.0,2.0,0.0,0.0,2,1,0,0,0,1,3.1633332,3.2733333,2.3233333,2.1333332,1.7566667
5,2,O,Y,Y,N,2,4,Angelholm,9,TOP_TABLE,6.3333335,2.3333335,-2.0,3.0,3.0,2.6666667,1.0,1.6666667,-1.3333334,-1.0,-0.33333334,0.0,1.0,1.0,2.0,0.0,0.0,1,2,0,0,1,0,Varnamo,5,MIDLE_DOWN,3.0,1.0,3.0,-2.0,1.0,1.0,0.0,1.0,-1.0,-1.0,0.0,0.0,0.0,1.0,1.0,0.0,0.0,0,1,1,1,1,0,2.8999999,3.2,2.3933334,2.1166668,1.7199999
5,X,U,N,N,N,0,0,Trelleborg,4,MIDLE_DOWN,0.0,-2.0,3.0,-2.0,1.0,1.0,1.0,0.0,-2.0,0.0,-2.0,0.0,1.0,0.0,2.0,0.0,0.0,1,0,1,0,0,2,Syrianska FC,2,BOTTOM_TABLE,-2.0,-2.0,1.0,1.0,-2.0,1.0,0.5,0.5,-3.0,-1.5,-1.5,1.0,0.0,2.0,1.0,0.0,0.0,0,0,1,1,1,1,2.8400002,3.1750002,2.475,2.2,1.645
5,X,U,N,N,N,0,0,Sirius,7,MIDLE_UP,5.0,1.0,-1.3333335,3.0,2.3333335,2.0,1.0,1.0,-1.0,-1.0,0.0,1.0,0.0,3.0,1.0,0.0,0.0,1,1,0,1,1,0,AFC United,9,TOP_TABLE,7.0,3.0,-2.0,3.0,3.0,3.0,2.0,1.0,-1.0,0.0,-1.0,1.0,0.0,2.0,1.0,0.0,0.0,2,1,0,0,0,1,1.5699999,4.0625,5.7375,1.8349999,2.0175
6,1,O,Y,Y,N,3,3,Orgryte,8,MIDLE_UP,4.75,0.25,2.5,3.0,-2.0,2.25,0.75,1.5,-1.75,-1.25,-0.5,1.0,1.0,2.0,1.0,0.0,0.0,1,1,0,2,1,0,Varberg,8,MIDLE_UP,4.5833335,0.25,3.0,-2.0,1.0,2.6666667,1.1666667,1.5,-2.3333335,-1.8333334,-0.5,1.0,0.0,3.0,2.0,0.0,0.0,1,1,1,1,1,0,2.0133333,3.2633333,3.4666665,2.1533334,1.71
6,2,U,N,N,N,0,1,Halmstad,12,TOP_TABLE,11.333334,3.666667,3.0,3.0000002,3.0,4.3333335,2.0,2.3333335,-0.6666667,0.0,-0.6666667,2.0,1.0,2.0,2.0,0.0,0.0,2,2,0,0,0,1,Degerfors,2,BOTTOM_TABLE,-4.0,-2.5,-1.5,1.0,1.0,1.25,0.5,0.75,-3.75,-2.5,-1.25,1.0,2.0,3.0,3.0,0.0,0.0,0,0,1,1,2,1,1.5450001,4.1125,5.925,1.835,2.02
6,1,U,N,N,N,0,2,Atvidaberg,7,MIDLE_DOWN,3.5000002,3.5,2.3333335,1.0,-2.0,2.5,0.6666667,1.8333334,-2.5,-1.3333334,-1.1666667,1.0,1.0,3.0,3.0,0.0,0.0,1,1,0,1,1,1,Trelleborg,5,MIDLE_DOWN,0.0,0.0,-2.0,3.0,-2.0,1.0,1.0,0.0,-2.0,0.0,-2.0,0.0,1.0,0.0,2.0,0.0,0.0,1,0,2,0,0,2,2.0533333,3.3,3.5333335,2.0933332,1.7366667
6,X,O,Y,N,Y,1,4,Frej,5,MIDLE_DOWN,1.7500002,1.75,-1.3333333,1.0,2.3333335,2.0,1.0,1.0,-3.0,-1.0,-2.0,1.0,1.0,3.0,3.0,0.0,0.0,1,0,0,2,1,1,Sirius,8,TOP_TABLE,6.285714,1.2857141,1.0,-1.3333335,3.0,2.0,1.0,1.0,-1.0,-1.0,0.0,1.0,0.0,2.0,1.0,0.0,0.0,1,1,1,1,1,0,4.7833333,3.7166665,1.6833334,2.0133333,1.8233333
6,1,O,Y,Y,Y,3,5,AFC United,10,TOP_TABLE,7.714286,0.71428585,3.0,-2.0,3.0,3.0,2.0,1.0,-1.0,0.0,-1.0,1.0,0.0,2.0,1.0,0.0,0.0,2,1,0,1,0,1,Angelholm,9,MIDLE_UP,3.5333335,-2.8,2.3333335,-2.0,3.0,2.6666667,1.0,1.6666667,-2.3333335,-2.0,-0.33333334,1.0,1.0,2.0,2.0,0.0,0.0,1,2,0,0,2,0,2.535,3.8075,4.715,2.0149999,1.8299999
6,1,U,Y,N,N,1,1,Syrianska FC,3,BOTTOM_TABLE,0.0,2.0,-2.0,1.0,1.0,1.0,0.5,0.5,-3.0,-1.5,-1.5,1.0,0.0,2.0,1.0,0.0,0.0,0,0,1,2,1,1,Ljungskile,8,MIDLE_UP,6.4,3.4,-2.0,1.0,3.0,3.0,2.0,1.0,-2.0,-1.0,-1.0,1.0,0.0,2.0,1.0,0.0,0.0,1,1,2,0,0,1,1.95,3.375,3.875,2.3,1.6
6,X,O,Y,N,Y,1,4,Dalkurd,7,MIDLE_DOWN,2.6,-2.4,2.9999998,2.3333335,1.0,2.5,1.5,1.0,-2.5,-0.5,-2.0,0.0,0.0,1.0,2.0,0.0,0.0,1,1,1,0,0,2,GAIS,5,MIDLE_DOWN,1.75,1.75,-2.0,1.0,-2.0,1.5,1.5,0.0,-2.5,-0.5,-2.0,0.0,1.0,1.0,2.0,0.0,0.0,1,0,2,0,0,2,1.6133333,3.5666666,5.8333335,1.8033333,1.4566666
6,1,U,Y,N,N,1,1,Varnamo,8,MIDLE_UP,6.8,3.8000002,1.0,3.0,-2.0,2.0,0.0,2.0,-1.0,-1.0,0.0,0.0,1.0,1.0,2.0,0.0,0.0,0,2,1,1,1,0,Assyriska,3,BOTTOM_TABLE,-5.0,-2.666667,-1.3333333,-2.0,-1.3333333,1.3333334,0.6666667,0.6666667,-3.6666667,-2.3333335,-1.3333334,0.0,0.0,2.0,3.0,0.0,0.0,1,0,0,0,2,2,2.14,3.43,3.4166667,2.03,1.8433332
7,X,O,Y,Y,Y,2,4,Trelleborg,5,BOTTOM_TABLE,-2.2857141,-2.2857141,0.0,-2.0,3.0,1.0,1.0,0.0,-3.0,0.0,-3.0,0.0,1.0,0.0,2.0,0.0,0.0,1,0,2,0,0,3,Orgryte,11,TOP_TABLE,7.75,3.0,0.25,2.5,3.0,3.25,1.75,1.5,-1.75,-1.25,-0.5,2.0,1.0,2.0,1.0,0.0,0.0,2,1,0,2,1,0,3.4333334,3.2166665,2.1333332,1.4166666,1.21
7,1,O,Y,N,Y,1,4,Sirius,9,MIDLE_UP,6.6857142,0.4000001,1.2857141,1.0,-1.3333335,2.5,1.0,1.5,-1.5,-1.0,-0.5,1.0,0.0,2.0,2.0,0.0,0.0,1,1,1,2,1,0,Syrianska FC,6,MIDLE_DOWN,4.6666665,4.6666665,2.0,-2.0,1.0,2.0,1.5,0.5,-3.0,-1.5,-1.5,1.0,0.0,1.0,1.0,0.0,0.0,1,0,1,2,1,1,1.5550001,3.95,5.675,2.03,1.76
7,X,O,Y,Y,Y,2,4,Ljungskile,8,MIDLE_UP,2.7333336,-3.6666665,3.4,-2.0,1.0,3.0,2.0,1.0,-3.0,-1.0,-2.0,1.0,0.0,2.0,1.0,0.0,0.0,1,1,2,0,0,2,Frej,6,MIDLE_DOWN,3.3500001,1.5999999,1.75,-1.3333333,1.0,2.5,1.5,1.0,-3.5,-1.5,-2.0,1.0,1.0,3.0,3.0,0.0,0.0,1,0,1,2,1,1,1.9033333,3.4666665,3.8166666,2.0533333,1.7733334
7,1,U,Y,N,N,1,1,GAIS,6,MIDLE_DOWN,3.15,1.4000001,1.75,-2.0,1.0,2.0,1.5,0.5,-3.0,-0.5,-2.5,0.0,1.0,1.0,3.0,0.0,0.0,1,0,2,1,0,2,Atvidaberg,10,TOP_TABLE,6.7857146,3.2857144,3.5,2.3333335,1.0,3.5,1.6666667,1.8333334,-2.5,-1.3333334,-1.1666667,0.0,1.0,2.0,3.0,0.0,0.0,2,1,0,1,1,1,2.2575,3.4,3.1200001,2.0575,1.7625
7,1,O,Y,Y,Y,2,4,Degerfors,5,BOTTOM_TABLE,4.0,8.0,-2.5,-1.5,1.0,2.25,0.5,1.75,-3.75,-2.5,-1.25,1.0,1.0,3.0,2.0,0.0,0.0,0,1,1,1,2,1,Varnamo,11,TOP_TABLE,10.425,3.625,3.8000002,1.0,3.0,3.0,1.0,2.0,-1.0,-1.0,0.0,0.0,1.0,1.0,2.0,0.0,0.0,1,2,1,1,1,0,2.4299998,3.3000002,2.8525,2.03,1.8225
7,2,U,Y,Y,N,2,2,Assyriska,3,BOTTOM_TABLE,-7.625,-2.625,-2.666667,-1.3333333,-2.0,1.3333334,0.6666667,0.6666667,-4.666667,-2.3333335,-2.3333335,0.0,0.0,2.0,2.0,0.0,0.0,1,0,0,0,2,3,AFC United,13,TOP_TABLE,10.014286,2.3000002,0.71428585,3.0,-2.0,3.6,2.6,1.0,-1.4,-0.4,-1.0,2.0,0.0,3.0,1.0,0.0,0.0,3,1,0,1,0,1,2.7,3.35,2.475,2.075,1.775
7,2,O,N,N,Y,0,3,Angelholm,9,MIDLE_UP,2.2333336,-1.3,-2.8,2.3333335,-2.0,3.0666668,1.0,2.0666668,-2.9333334,-2.0,-0.9333334,1.0,1.0,2.0,3.0,0.0,0.0,1,2,0,0,2,1,Dalkurd,8,MIDLE_DOWN,3.1999998,0.5999999,-2.4,2.9999998,2.3333335,3.0,2.0,1.0,-3.0,-1.0,-2.0,0.0,0.0,2.0,2.0,0.0,0.0,1,1,2,0,0,2,3.3666668,3.3166666,2.0966666,1.8166666,1.4500002
7,2,U,N,N,N,0,1,Varberg,8,MIDLE_DOWN,2.5833335,-2.0,0.25,3.0,-2.0,2.6666667,1.1666667,1.5,-3.3333335,-1.8333334,-1.5,1.0,1.0,3.0,2.0,0.0,0.0,1,1,1,1,1,1,Halmstad,12,TOP_TABLE,4.333334,-7.0,3.666667,3.0,3.0000002,4.3333335,2.0,2.3333335,-1.6666667,-1.0,-0.6666667,1.0,1.0,2.0,2.0,0.0,0.0,2,2,0,0,1,1,2.45,3.225,2.8249998,2.2649999,1.615
8,2,O,Y,N,N,1,3,Angelholm,9,MIDLE_DOWN,0.77500033,-1.4583333,-1.3,-2.8,2.3333335,3.4,1.3333334,2.0666668,-3.6000001,-2.6666667,-0.9333334,0.0,1.0,2.0,3.0,0.0,0.0,1,2,0,0,3,1,Assyriska,3,BOTTOM_TABLE,-10.394231,-2.7692308,-2.625,-2.666667,-1.3333333,1.3333334,0.6666667,0.6666667,-5.666667,-3.3333335,-2.3333335,1.0,0.0,2.0,2.0,0.0,0.0,1,0,0,0,3,3,2.4250002,3.25,2.815,2.1,1.76
8,2,O,Y,Y,Y,2,3,Orgryte,12,TOP_TABLE,7.55,-0.19999981,3.0,0.25,2.5,3.75,1.75,2.0,-2.25,-1.25,-1.0,2.0,1.0,2.0,1.0,0.0,0.0,2,1,0,3,1,0,Sirius,12,TOP_TABLE,9.519048,2.8333335,0.4000001,1.2857141,1.0,3.25,1.75,1.5,-1.75,-1.25,-0.5,1.0,0.0,2.0,2.0,0.0,0.0,2,1,1,2,1,0,2.7666664,3.2333333,2.4833333,2.0866668,1.75
8,X,O,Y,Y,Y,2,4,Dalkurd,11,MIDLE_UP,5.6583333,2.4583335,0.5999999,-2.4,2.9999998,3.6666667,2.0,1.6666667,-3.3333333,-1.0,-2.3333333,0.0,0.0,2.0,2.0,0.0,0.0,1,2,2,0,0,2,Degerfors,8,MIDLE_DOWN,7.7,3.6999998,8.0,-2.5,-1.5,3.0,1.25,1.75,-4.0,-2.75,-1.25,1.0,1.0,3.0,2.0,0.0,0.0,1,1,1,1,2,1,1.7166667,3.7,4.5833335,1.9500002,1.8833333
8,X,U,Y,N,Y,1,2,Varnamo,11,TOP_TABLE,7.7250004,-2.6999998,3.625,3.8000002,1.0,3.25,1.0,2.25,-1.75,-1.0,-0.75,0.0,1.0,1.0,2.0,0.0,0.0,1,2,1,1,1,1,GAIS,9,MIDLE_UP,6.8166666,3.6666665,1.4000001,1.75,-2.0,3.0,2.5,0.5,-3.0,-0.5,-2.5,0.0,1.0,1.0,3.0,0.0,0.0,2,0,2,1,0,2,2.045,3.395,3.6075,2.0175,1.8375001
8,2,U,N,N,N,0,2,Frej,7,MIDLE_DOWN,4.6833334,1.3333333,1.5999999,1.75,-1.3333333,3.0,1.5,1.5,-4.0,-1.5,-2.5,1.0,1.0,3.0,3.0,0.0,0.0,1,0,1,3,1,1,Trelleborg,6,BOTTOM_TABLE,-0.0857141,2.2,-2.2857141,0.0,-2.0,1.5,1.5,0.0,-3.5,-0.5,-3.0,0.0,1.0,1.0,2.0,0.0,0.0,1,0,3,0,0,3,2.1366665,3.3499997,3.2666667,2.09,1.7433333
8,X,U,Y,N,Y,1,2,AFC United,16,TOP_TABLE,13.783517,3.7692308,2.3000002,0.71428585,3.0,4.6,2.6,2.0,-1.4,-0.4,-1.0,2.0,0.0,3.0,1.0,0.0,0.0,3,2,0,1,0,1,Varberg,8,MIDLE_DOWN,0.25,-2.3333335,-2.0,0.25,3.0,2.6666667,1.1666667,1.5,-4.3333335,-2.8333335,-1.5,1.0,1.0,2.0,2.0,0.0,0.0,1,1,1,1,2,1,1.9066666,3.4733334,3.95,2.0866668,1.7533334
8,1,U,N,N,N,0,2,Syrianska FC,6,BOTTOM_TABLE,2.833333,-1.8333335,4.6666665,2.0,-2.0,2.25,1.5,0.75,-3.75,-1.5,-2.25,1.0,0.0,1.0,1.0,0.0,0.0,1,0,1,2,1,2,Atvidaberg,10,MIDLE_UP,4.119048,-2.6666665,3.2857144,3.5,2.3333335,3.5,1.6666667,1.8333334,-3.5,-1.3333334,-2.1666667,0.0,1.0,2.0,2.0,0.0,0.0,2,1,0,1,1,2,1.975,3.3,3.775,2.08,1.73
8,1,U,N,N,N,0,1,Halmstad,15,TOP_TABLE,7.666667,3.333333,-7.0,3.666667,3.0,5.3333335,2.0,3.3333335,-1.6666667,-1.0,-0.6666667,1.0,1.0,2.0,1.0,0.0,0.0,2,3,0,0,1,1,Ljungskile,9,MIDLE_UP,3.4,0.6666665,-3.6666665,3.4,-2.0,3.5,2.5,1.0,-3.5,-1.5,-2.0,1.0,0.0,2.0,1.0,0.0,0.0,1,1,3,0,0,2,2.0900002,3.32,3.5449998,2.2649999,1.6574999
9,1,U,Y,N,N,1,1,Varnamo,12,TOP_TABLE,8.502778,0.7777777,-2.6999998,3.625,3.8000002,3.75,1.5,2.25,-2.25,-1.5,-0.75,0.0,1.0,1.0,2.0,0.0,0.0,1,2,2,1,1,1,Syrianska FC,9,MIDLE_DOWN,6.5,3.666667,-1.8333335,4.6666665,2.0,3.25,2.5,0.75,-3.75,-1.5,-2.25,0.0,0.0,1.0,1.0,0.0,0.0,2,0,1,2,1,2,1.8833332,2.55,2.3500001,2.155,1.72
9,1,O,Y,Y,N,2,6,Sirius,15,TOP_TABLE,11.852381,2.333333,2.8333335,0.4000001,1.2857141,3.9166667,1.75,2.1666667,-2.0833333,-1.25,-0.8333334,1.0,1.0,2.0,2.0,0.0,0.0,2,2,1,2,1,0,Degerfors,9,MIDLE_DOWN,9.075,1.375,3.6999998,8.0,-2.5,3.5,1.25,2.25,-4.5,-2.75,-1.75,1.0,1.0,3.0,2.0,0.0,0.0,1,1,1,2,2,1,1.3840001,4.836,7.9300003,1.4,1.772
9,1,O,Y,N,Y,1,3,Frej,7,BOTTOM_TABLE,2.516667,-2.1666665,1.3333333,1.5999999,1.75,3.0,1.5,1.5,-5.0,-2.5,-2.5,0.0,1.0,3.0,3.0,0.0,0.0,1,0,1,3,2,1,Orgryte,12,TOP_TABLE,6.216667,-1.333333,-0.19999981,3.0,0.25,4.0833335,2.0833333,2.0,-2.9166667,-1.9166667,-1.0,2.0,1.0,2.0,1.0,0.0,0.0,2,1,0,3,2,0,3.4819999,3.354,2.146,2.08,1.758
9,1,O,Y,Y,N,2,4,Trelleborg,9,MIDLE_DOWN,3.0809526,3.1666667,2.2,-2.2857141,0.0,2.5,1.5,1.0,-3.5,-0.5,-3.0,0.0,0.0,1.0,2.0,0.0,0.0,1,1,3,0,0,3,Ljungskile,9,MIDLE_UP,1.0,-2.4,0.6666665,-3.6666665,3.4,3.5,2.5,1.0,-4.5,-1.5,-3.0,1.0,0.0,2.0,1.0,0.0,0.0,1,1,3,0,0,3,2.505,3.2649999,2.9225001,2.3066666,1.66
9,1,O,Y,Y,N,5,7,GAIS,10,MIDLE_UP,8.038889,1.2222223,3.6666665,1.4000001,1.75,3.5,2.5,1.0,-3.5,-0.5,-3.0,0.0,1.0,1.0,2.0,0.0,0.0,2,0,2,2,0,2,Angelholm,9,BOTTOM_TABLE,-3.2249997,-4.0,-1.4583333,-1.3,-2.8,3.4,1.3333334,2.0666668,-4.6000004,-3.6666667,-0.9333334,0.0,1.0,2.0,3.0,0.0,0.0,1,2,0,0,4,1,1.7525,3.6575,4.5775,2.05,1.8025
9,X,U,Y,N,Y,1,2,Assyriska,6,BOTTOM_TABLE,-5.394231,5.0,-2.7692308,-2.625,-2.666667,2.3333335,0.6666667,1.6666667,-5.666667,-3.3333335,-2.3333335,1.0,0.0,2.0,2.0,0.0,0.0,1,1,0,0,3,3,Varberg,9,MIDLE_DOWN,2.25,2.0,-2.3333335,-2.0,0.25,3.1666667,1.1666667,2.0,-4.8333335,-2.8333335,-2.0,1.0,1.0,2.0,2.0,0.0,0.0,1,1,1,2,2,1,2.4333334,3.32,3.055,2.1466665,1.7433333
9,1,O,Y,Y,N,3,4,Atvidaberg,10,MIDLE_UP,1.4523814,-2.6666667,-2.6666665,3.2857144,3.5,3.5,1.6666667,1.8333334,-4.5,-1.3333334,-3.1666667,0.0,1.0,2.0,2.0,0.0,0.0,2,1,0,1,1,3,AFC United,17,TOP_TABLE,13.783517,0.0,3.7692308,2.3000002,0.71428585,5.1,3.1,2.0,-1.9,-0.9,-1.0,1.0,0.0,2.0,1.0,0.0,0.0,3,2,1,1,0,1,2.8952,3.332,2.4520001,2.0479999,1.816
9,X,U,N,N,N,0,0,Halmstad,18,TOP_TABLE,11.066668,3.4000006,3.333333,-7.0,3.666667,6.3333335,3.0,3.3333335,-1.6666667,-1.0,-0.6666667,1.0,1.0,1.0,1.0,0.0,0.0,3,3,0,0,1,1,Dalkurd,12,MIDLE_UP,6.2833333,0.625,2.4583335,0.5999999,-2.4,4.166667,2.5,1.6666667,-3.8333333,-1.5,-2.3333333,0.0,0.0,2.0,2.0,0.0,0.0,1,2,3,0,0,2,2.2699997,3.3639998,3.192,2.338,1.6279999
10,X,O,Y,N,Y,1,4,Ljungskile,9,MIDLE_DOWN,-1.0,-2.0,-2.4,0.6666665,-3.6666665,3.5,2.5,1.0,-5.5,-1.5,-4.0,1.0,0.0,2.0,1.0,0.0,0.0,1,1,3,0,0,4,Angelholm,9,BOTTOM_TABLE,-5.325,-2.1000001,-4.0,-1.4583333,-1.3,3.4,1.3333334,2.0666668,-5.6000004,-3.6666667,-1.9333334,0.0,2.0,2.0,4.0,0.0,0.0,1,2,0,0,4,2,1.58,3.9900002,5.665,1.8175,2.03
10,2,O,Y,Y,N,2,3,Degerfors,9,BOTTOM_TABLE,6.6749997,-2.4,1.375,3.6999998,8.0,3.5,1.25,2.25,-5.5,-2.75,-2.75,1.0,1.0,3.0,3.0,0.0,0.0,1,1,1,2,2,2,Assyriska,7,BOTTOM_TABLE,-3.8942308,1.5,5.0,-2.7692308,-2.625,2.8333335,1.1666667,1.6666667,-6.166667,-3.8333335,-2.3333335,1.0,0.0,2.0,2.0,0.0,0.0,1,1,1,0,3,3,2.44,3.4325,2.88875,1.935,1.93
10,1,U,Y,N,N,1,2,Dalkurd,13,MIDLE_UP,7.7833333,1.5,0.625,2.4583335,0.5999999,4.166667,2.5,1.6666667,-3.8333333,-1.5,-2.3333333,0.0,0.0,2.0,2.0,0.0,0.0,1,2,3,1,0,2,Frej,10,MIDLE_DOWN,5.564286,3.0476193,-2.1666665,1.3333333,1.5999999,3.6666667,2.1666667,1.5,-5.3333335,-2.8333333,-2.5,0.0,1.0,3.0,3.0,0.0,0.0,2,0,1,3,2,1,1.5280001,4.094,6.6099997,1.948,1.9059999
10,1,U,N,N,N,0,1,Varberg,10,MIDLE_DOWN,2.75,0.5,2.0,-2.3333335,-2.0,3.6666667,1.1666667,2.5,-5.3333335,-2.8333335,-2.5,1.0,1.0,2.0,2.0,0.0,0.0,1,1,1,3,2,1,Sirius,18,TOP_TABLE,15.25238,3.3999996,2.333333,2.8333335,0.4000001,4.916667,2.75,2.1666667,-2.0833333,-1.25,-0.8333334,1.0,1.0,3.0,2.0,0.0,0.0,3,2,1,2,1,0,3.7675,3.4625,2.0325,2.02,1.7925
10,X,U,Y,N,Y,1,2,Trelleborg,12,MIDLE_DOWN,6.0809526,3.0,3.1666667,2.2,-2.2857141,3.5,2.5,1.0,-3.5,-0.5,-3.0,1.0,0.0,1.0,2.0,0.0,0.0,2,1,3,0,0,3,GAIS,13,MIDLE_UP,11.138889,3.1000004,1.2222223,3.6666665,1.4000001,4.5,3.5,1.0,-3.5,-0.5,-3.0,1.0,1.0,2.0,2.0,0.0,0.0,3,0,2,2,0,2,2.3503997,3.336,3.0708,2.0440001,1.8180001
10,2,O,Y,Y,Y,2,4,Syrianska FC,9,BOTTOM_TABLE,4.25,-2.25,3.666667,-1.8333335,4.6666665,3.25,2.5,0.75,-4.75,-1.5,-3.25,0.0,0.0,1.0,1.0,0.0,0.0,2,0,1,2,1,3,AFC United,17,TOP_TABLE,11.083517,-2.6999998,0.0,3.7692308,2.3000002,5.1,3.1,2.0,-2.9,-0.9,-2.0,1.0,1.0,2.0,1.0,0.0,0.0,3,2,1,1,0,2,2.37,3.4133332,2.8799999,1.9666667,1.8566667
10,1,U,N,N,N,0,1,Atvidaberg,13,MIDLE_UP,5.1523814,3.7,-2.6666667,-2.6666665,3.2857144,4.5,2.6666667,1.8333334,-4.5,-1.3333334,-3.1666667,1.0,1.0,3.0,2.0,0.0,0.0,3,1,0,1,1,3,Varnamo,15,TOP_TABLE,11.752778,3.25,0.7777777,-2.6999998,3.625,4.75,2.5,2.25,-2.25,-1.5,-0.75,0.0,1.0,1.0,2.0,0.0,0.0,2,2,2,1,1,1,2.26,3.398,3.1799998,1.942,1.9120001
10,2,O,Y,Y,Y,3,3,Orgryte,12,MIDLE_UP,4.1690483,-2.0476189,-1.333333,-0.19999981,3.0,4.416667,2.0833333,2.3333333,-3.5833335,-1.9166667,-1.6666667,2.0,1.0,2.0,2.0,0.0,0.0,2,1,0,3,2,1,Halmstad,19,TOP_TABLE,11.566668,0.5,3.4000006,3.333333,-7.0,6.3333335,3.0,3.3333335,-1.6666667,-1.0,-0.6666667,0.0,1.0,1.0,1.0,0.0,0.0,3,3,1,0,1,1,2.234,3.2968,3.2540002,2.23,1.6880001
11,X,U,N,N,N,0,0,Degerfors,9,BOTTOM_TABLE,4.3892856,-2.2857141,-2.4,1.375,3.6999998,3.5,1.25,2.25,-6.5,-3.75,-2.75,1.0,1.0,3.0,3.0,0.0,0.0,1,1,1,2,3,2,Ljungskile,10,MIDLE_DOWN,0.0,1.0,-2.0,-2.4,0.6666665,4.0,3.0,1.0,-6.0,-2.0,-4.0,1.0,0.0,3.0,1.0,0.0,0.0,1,1,4,0,0,4,2.8600001,3.29,2.46,1.96,1.88
11,1,O,Y,Y,N,3,5,Dalkurd,16,TOP_TABLE,11.014103,3.2307696,1.5,0.625,2.4583335,5.166667,3.5,1.6666667,-3.8333333,-1.5,-2.3333333,0.0,0.0,2.0,2.0,0.0,0.0,2,2,3,1,0,2,Atvidaberg,16,TOP_TABLE,8.306228,3.1538463,3.7,-2.6666667,-2.6666665,5.5,3.6666667,1.8333334,-4.5,-1.3333334,-3.1666667,1.0,1.0,2.0,2.0,0.0,0.0,4,1,0,1,1,3,1.6075001,3.8649998,5.5724998,2.1075,1.75
11,2,U,Y,N,N,1,2,Angelholm,10,BOTTOM_TABLE,-4.325,1.0,-2.1000001,-4.0,-1.4583333,3.9,1.3333334,2.5666668,-6.1000004,-3.6666667,-2.4333334,0.0,2.0,2.0,4.0,0.0,0.0,1,2,0,1,4,2,Varberg,13,MIDLE_UP,6.55,3.8000002,0.5,2.0,-2.3333335,4.666667,2.1666667,2.5,-5.3333335,-2.8333335,-2.5,0.0,1.0,2.0,2.0,0.0,0.0,2,1,1,3,2,1,3.5633335,3.51,2.0533333,2.0266666,1.8066667
11,1,U,N,N,N,0,1,AFC United,20,TOP_TABLE,14.054106,2.9705887,-2.6999998,0.0,3.7692308,5.85,3.1,2.75,-3.15,-0.9,-2.25,1.0,1.0,2.0,2.0,0.0,0.0,3,3,1,1,0,2,Frej,10,MIDLE_DOWN,3.333517,-2.2307692,3.0476193,-2.1666665,1.3333333,3.6666667,2.1666667,1.5,-6.3333335,-2.8333333,-3.5,0.0,1.0,3.0,3.0,0.0,0.0,2,0,1,3,2,2,1.6650001,3.9050002,4.9575,1.85,1.9975
11,1,O,Y,N,Y,1,3,Sirius,18,TOP_TABLE,12.45238,-2.8000002,3.3999996,2.333333,2.8333335,4.916667,2.75,2.1666667,-3.0833333,-1.25,-1.8333334,1.0,0.0,3.0,2.0,0.0,0.0,3,2,1,2,1,1,Trelleborg,13,MIDLE_UP,7.164286,1.0833335,3.0,3.1666667,2.2,4.0,3.0,1.0,-4.0,-1.0,-3.0,1.0,0.0,1.0,2.0,0.0,0.0,2,1,4,0,0,3,1.3525,4.9725,8.195,1.36,1.5775
11,1,U,Y,N,N,1,2,Halmstad,22,TOP_TABLE,14.268422,2.7017546,0.5,3.4000006,3.333333,7.0,3.0,4.0,-2.0,-1.0,-1.0,0.0,1.0,1.0,2.0,0.0,0.0,3,4,1,0,1,1,Syrianska FC,9,BOTTOM_TABLE,2.2794118,-1.9705882,-2.25,3.666667,-1.8333335,3.5,2.75,0.75,-5.5,-2.25,-3.25,1.0,0.0,2.0,1.0,0.0,0.0,2,0,1,2,2,3,1.5133333,4.1966667,6.51,2.1466668,1.7066666
11,X,O,Y,Y,Y,2,4,Assyriska,10,MIDLE_DOWN,-0.60851645,3.2857144,1.5,5.0,-2.7692308,3.8333335,1.1666667,2.6666667,-6.166667,-3.8333335,-2.3333335,1.0,1.0,2.0,2.0,0.0,0.0,1,2,1,0,3,3,GAIS,14,MIDLE_UP,12.055556,0.916667,3.1000004,1.2222223,3.6666665,5.0,3.5,1.5,-4.0,-0.5,-3.5,1.0,1.0,2.0,2.0,0.0,0.0,3,0,2,3,0,2,1.9200001,2.5833333,2.2,1.9633335,1.89
11,1,O,Y,Y,Y,3,6,Varnamo,15,MIDLE_UP,9.598932,-2.1538458,3.25,0.7777777,-2.6999998,4.75,2.5,2.25,-3.25,-1.5,-1.75,0.0,1.0,1.0,2.0,0.0,0.0,2,2,2,1,1,2,Orgryte,12,MIDLE_DOWN,2.467294,-1.7017543,-2.0476189,-1.333333,-0.19999981,4.7500005,2.4166665,2.3333333,-4.25,-2.5833335,-1.6666667,2.0,1.0,2.0,2.0,0.0,0.0,2,1,0,3,3,1,2.3075,3.3725002,3.0325003,1.9925001,1.8525
12,1,O,Y,N,Y,1,3,Varberg,16,MIDLE_UP,9.780769,3.2307692,3.8000002,0.5,2.0,5.666667,2.1666667,3.5,-5.3333335,-2.8333335,-2.5,0.0,1.0,2.0,2.0,0.0,0.0,2,2,1,3,2,1,Degerfors,10,BOTTOM_TABLE,5.5003967,1.1111112,-2.2857141,-2.4,1.375,3.5,1.25,2.25,-6.5,-3.75,-2.75,1.0,1.0,2.0,3.0,0.0,0.0,1,1,2,2,3,2,1.8566667,3.5166667,4.3366666,2.0,1.8299999
12,X,U,N,N,N,0,0,GAIS,15,MIDLE_UP,12.655557,0.6000004,0.916667,3.1000004,1.2222223,5.5,3.5,2.0,-4.5,-0.5,-4.0,1.0,1.0,2.0,2.0,0.0,0.0,3,0,2,4,0,2,Sirius,21,TOP_TABLE,15.063492,2.6111116,-2.8000002,3.3999996,2.333333,5.5833335,3.4166667,2.1666667,-3.4166665,-1.5833334,-1.8333334,1.0,0.0,3.0,2.0,0.0,0.0,4,2,1,2,1,1,3.0624998,3.5225,2.2275,1.7950001,2.0475
12,X,U,Y,N,Y,1,2,Frej,10,MIDLE_DOWN,0.8335171,-2.5,-2.2307692,3.0476193,-2.1666665,3.6666667,2.1666667,1.5,-7.3333335,-2.8333333,-4.5,0.0,1.0,3.0,2.0,0.0,0.0,2,0,1,3,2,3,Varnamo,18,TOP_TABLE,12.132266,2.5333338,-2.1538458,3.25,0.7777777,5.4166665,3.1666667,2.25,-3.5833333,-1.8333334,-1.75,1.0,1.0,2.0,2.0,0.0,0.0,3,2,2,1,1,2,2.99,3.4,2.3125,2.0549998,1.7975
12,1,U,Y,N,N,1,2,AFC United,23,TOP_TABLE,17.554106,3.5,2.9705887,-2.6999998,0.0,6.85,4.1,2.75,-3.15,-0.9,-2.25,1.0,1.0,2.0,2.0,0.0,0.0,4,3,1,1,0,2,Orgryte,12,MIDLE_DOWN,0.9339607,-1.5333333,-1.7017543,-2.0476189,-1.333333,5.083334,2.4166665,2.6666665,-4.9166665,-2.5833335,-2.3333335,2.0,1.0,2.0,2.0,0.0,0.0,2,1,0,3,3,2,1.89,3.5575001,4.0,1.92,1.9200001
12,X,U,N,N,Y,0,2,Atvidaberg,16,MIDLE_UP,6.3062277,-2.0,3.1538463,3.7,-2.6666667,5.5,3.6666667,1.8333334,-5.5,-1.3333334,-4.166667,1.0,1.0,2.0,3.0,0.0,0.0,4,1,0,1,1,4,Halmstad,25,TOP_TABLE,17.859331,3.590909,2.7017546,0.5,3.4000006,8.0,4.0,4.0,-2.0,-1.0,-1.0,0.0,1.0,1.0,2.0,0.0,0.0,4,4,1,0,1,1,2.8775,3.26,2.4725,2.1100001,1.75
12,X,U,Y,Y,Y,2,2,Ljungskile,11,MIDLE_DOWN,0.8888889,0.8888889,1.0,-2.0,-2.4,4.0,3.0,1.0,-6.0,-2.0,-4.0,1.0,0.0,3.0,1.0,0.0,0.0,1,1,4,1,0,4,Assyriska,11,MIDLE_DOWN,0.7914835,1.4,3.2857144,1.5,5.0,4.3333335,1.6666667,2.6666667,-6.666667,-4.3333335,-2.3333335,1.0,1.0,2.0,2.0,0.0,0.0,1,2,2,0,3,3,2.1333334,3.36,3.4533331,2.17,1.7233334
12,1,U,N,N,N,0,2,Trelleborg,13,MIDLE_UP,5.553175,-1.6111112,1.0833335,3.0,3.1666667,4.3333335,3.0,1.3333334,-4.6666665,-1.0,-3.6666667,1.0,0.0,1.0,2.0,0.0,0.0,2,1,4,0,0,4,Angelholm,10,BOTTOM_TABLE,-6.555769,-2.2307692,1.0,-2.1000001,-4.0,3.9,1.3333334,2.5666668,-7.1000004,-4.666667,-2.4333334,0.0,2.0,2.0,4.0,0.0,0.0,1,2,0,1,5,2,1.6175,3.805,5.4725,1.9875001,1.8575
12,2,O,Y,N,Y,1,3,Syrianska FC,9,BOTTOM_TABLE,-0.3114972,-2.590909,-1.9705882,-2.25,3.666667,3.5,2.75,0.75,-6.5,-2.25,-4.25,1.0,0.0,2.0,1.0,0.0,0.0,2,0,1,2,2,4,Dalkurd,19,TOP_TABLE,14.014103,3.0,3.2307696,1.5,0.625,6.166667,4.5,1.6666667,-3.8333333,-1.5,-2.3333333,1.0,0.0,3.0,2.0,0.0,0.0,3,2,3,1,0,2,3.5200002,3.3999999,2.1066666,2.1633334,1.6999999
13,1,U,Y,N,N,1,2,Varnamo,19,TOP_TABLE,12.332266,0.19999981,2.5333338,-2.1538458,3.25,5.9166665,3.1666667,2.75,-4.083333,-1.8333334,-2.25,1.0,1.0,2.0,2.0,0.0,0.0,3,2,2,2,1,2,AFC United,26,TOP_TABLE,21.032368,3.478262,3.5,2.9705887,-2.6999998,7.85,5.1,2.75,-3.15,-0.9,-2.25,1.0,1.0,2.0,2.0,0.0,0.0,5,3,1,1,0,2,2.2575002,3.4675,3.0475001,1.7925,2.05
13,1,U,N,N,N,0,1,Varberg,19,MIDLE_UP,12.489103,2.708334,3.2307692,3.8000002,0.5,6.3333335,2.8333335,3.5,-5.666667,-3.1666667,-2.5,0.0,1.0,2.0,2.0,0.0,0.0,3,2,1,3,2,1,GAIS,16,MIDLE_UP,14.055556,1.3999996,0.6000004,0.916667,3.1000004,5.5,3.5,2.0,-4.5,-0.5,-4.0,1.0,1.0,2.0,2.0,0.0,0.0,3,0,3,4,0,2,2.3125,3.2875,3.22,2.1100001,1.7524999
13,2,U,Y,N,N,1,1,Orgryte,12,MIDLE_DOWN,-1.5443003,-2.478261,-1.5333333,-1.7017543,-2.0476189,5.083334,2.4166665,2.6666665,-5.9166665,-2.5833335,-3.3333335,2.0,1.0,2.0,2.0,0.0,0.0,2,1,0,3,3,3,Dalkurd,22,TOP_TABLE,16.873753,2.8596497,3.0,3.2307696,1.5,6.8333335,4.5,2.3333335,-4.1666665,-1.5,-2.6666665,1.0,0.0,3.0,2.0,0.0,0.0,3,3,3,1,0,2,2.6296,2.898,2.036,2.046,1.8180001
13,1,O,Y,Y,Y,3,7,Frej,11,MIDLE_DOWN,2.633517,1.8,-2.5,-2.2307692,3.0476193,4.166667,2.6666667,1.5,-7.8333335,-3.3333333,-4.5,0.0,1.0,2.0,2.0,0.0,0.0,2,0,2,3,2,3,Halmstad,26,TOP_TABLE,18.296831,0.4375,3.590909,2.7017546,0.5,8.5,4.0,4.5,-2.5,-1.0,-1.5,0.0,1.0,1.0,2.0,0.0,0.0,4,4,1,1,1,1,3.0560002,3.352,2.334,2.174,1.716
13,1,O,Y,Y,Y,2,3,Degerfors,10,BOTTOM_TABLE,3.7920635,-1.7083333,1.1111112,-2.2857141,-2.4,3.8333333,1.25,2.5833333,-7.1666665,-3.75,-3.4166667,1.0,1.0,2.0,3.0,0.0,0.0,1,1,2,2,3,3,Trelleborg,16,MIDLE_UP,8.783944,3.2307692,-1.6111112,1.0833335,3.0,5.3333335,4.0,1.3333334,-4.6666665,-1.0,-3.6666667,0.0,0.0,1.0,2.0,0.0,0.0,3,1,4,0,0,4,2.316,3.382,3.0556,2.058,1.8060001
13,2,O,N,N,N,0,3,Angelholm,10,BOTTOM_TABLE,-8.786538,-2.2307692,-2.2307692,1.0,-2.1000001,3.9,1.3333334,2.5666668,-8.1,-4.666667,-3.4333334,0.0,1.0,2.0,3.0,0.0,0.0,1,2,0,1,5,3,Atvidaberg,17,MIDLE_UP,7.8687277,1.5625,-2.0,3.1538463,3.7,6.0,4.166667,1.8333334,-6.0,-1.8333334,-4.166667,0.0,1.0,2.0,3.0,0.0,0.0,4,1,1,1,1,4,2.97,3.3625,2.335,1.92,1.9225
13,1,O,Y,Y,Y,4,4,Sirius,22,TOP_TABLE,15.663492,0.6000004,2.6111116,-2.8000002,3.3999996,5.5833335,3.4166667,2.1666667,-3.4166665,-1.5833334,-1.8333334,1.0,0.0,3.0,1.0,0.0,0.0,4,2,1,3,1,1,Ljungskile,12,MIDLE_DOWN,1.8888888,0.99999994,0.8888889,1.0,-2.0,4.5,3.5,1.0,-6.5,-2.5,-4.0,1.0,0.0,2.0,1.0,0.0,0.0,1,1,5,1,0,4,1.5719999,4.0959997,5.744,1.7739999,2.106
13,X,U,N,N,Y,0,2,Assyriska,12,MIDLE_DOWN,1.7914835,1.0,1.4,3.2857144,1.5,4.8333335,1.6666667,3.1666667,-7.166667,-4.3333335,-2.8333335,1.0,1.0,2.0,2.0,0.0,0.0,1,2,2,1,3,3,Syrianska FC,9,BOTTOM_TABLE,-2.1711464,-1.8596492,-2.590909,-1.9705882,-2.25,3.8333333,3.0833333,0.75,-7.1666665,-2.9166667,-4.25,1.0,0.0,2.0,1.0,0.0,0.0,2,0,1,2,3,4,2.22,3.475,3.295,2.155,1.72
14,1,O,Y,Y,Y,4,7,Halmstad,26,TOP_TABLE,15.504623,-2.7922077,0.4375,3.590909,2.7017546,8.785714,4.0,4.785714,-3.2142859,-1.0,-2.2142859,0.0,1.0,1.0,2.0,0.0,0.0,4,4,1,1,1,2,Varnamo,22,TOP_TABLE,15.700687,3.3684216,0.19999981,2.5333338,-2.1538458,6.9166665,4.166667,2.75,-4.083333,-1.8333334,-2.25,1.0,1.0,2.0,2.0,0.0,0.0,4,2,2,2,1,2,2.0279999,3.48,3.634,1.9880002,1.864
