week,headOutcome,scoreOutcome,ht1pOutcome,ht2pOutcome,ggOutcome,totHtScore,totFtScore,t1,t1Points,t1Classification,t1Form,t1Form1Diff,t1Form2Diff,t1Form3Diff,t1Form4Diff,t1Atack,t1AtackIn,t1AtackOut,t1Defense,t1DefenseIn,t1DefenseOut,t1AvgHtScoreIn,t1AvgHtScoreOut,t1AvgFtScoreIn,t1AvgFtScoreOut,t1AvgHtGgResult,t1AvgFtGgResult,t1WinsIn,t1WinsOut,t1DrawsIn,t1DrawsOut,t1LosesIn,t1LosesOut,t2,t2Points,t2Classification,t2Form,t2Form1Diff,t2Form2Diff,t2Form3Diff,t2Form4Diff,t2Atack,t2AtackIn,t2AtackOut,t2Defense,t2DefenseIn,t2DefenseOut,t2AvgHtScoreIn,t2AvgHtScoreOut,t2AvgFtScoreIn,t2AvgFtScoreOut,t2AvgHtGgResult,t2AvgFtGgResult,t2WinsIn,t2WinsOut,t2DrawsIn,t2DrawsOut,t2LosesIn,t2LosesOut,bet_1,bet_X,bet_2,bet_O,bet_U
4,2,O,Y,Y,Y,5,6,Al Khor,1,MIDLE_DOWN,-5.0,-2.0,1.0,-2.0,-2.0,0.0,0.0,0.0,-3.0,-2.0,-1.0,1.0,0.0,1.0,0.0,0.0,0.0,0,0,0,1,2,1,Al Rayyan,12,TOP_TABLE,10.833334,3.0000005,2.5,2.3333335,3.0,3.4166667,2.75,0.6666667,-0.5833334,-0.25,-0.33333334,1.0,0.0,3.0,3.0,0.0,0.0,3,1,0,0,0,0,4.075,3.75,1.695,1.7,2.1
5,X,O,Y,N,Y,1,4,Al Ahli,4,MIDLE_UP,2.3841858E-7,-1.3333333,-2.0,2.3333335,1.0,1.5000001,0.33333334,1.1666667,-2.5,-0.6666667,-1.8333334,1.0,1.0,3.0,2.0,0.0,0.0,0,1,0,1,1,1,Al Kharitiyath,3,MIDLE_DOWN,-2.333333,-1.3333333,-2.0,-1.3333333,2.3333335,1.3333334,1.3333334,0.0,-2.6666667,-1.6666667,-1.0,0.0,2.0,3.0,7.0,0.0,0.0,1,0,0,0,2,1,1.88,3.475,3.575,1.75,2.05
5,2,O,Y,N,Y,1,3,Al Wakrah,3,MIDLE_DOWN,-1.9333334,3.0,-1.6000001,-1.3333333,-2.0,1.5333333,0.33333334,1.2,-2.4666667,-0.6666667,-1.8,2.0,1.0,3.0,2.0,0.0,0.0,0,1,0,0,1,2,Al Sailiya,3,MIDLE_DOWN,-3.0,-2.0,3.0,-2.0,-2.0,1.0,0.0,1.0,-3.0,-1.0,-2.0,1.0,1.0,2.0,3.0,0.0,0.0,0,1,0,0,1,2,2.4,3.3,2.55,0.0,0.0
5,2,O,Y,N,N,1,3,Al Mesaimeer,0,BOTTOM_TABLE,-8.0,-2.0,-2.0,-2.0,-2.0,0.0,0.0,0.0,-4.0,-2.0,-2.0,1.0,0.0,2.0,1.0,0.0,0.0,0,0,0,0,2,2,Umm Salal,5,MIDLE_UP,3.5,1.0,-1.5,1.0,3.0,2.25,0.0,2.25,-1.75,0.0,-1.75,0.0,1.0,0.0,3.0,0.0,0.0,0,1,0,2,0,1,4.625,3.85,1.5999999,1.57,2.35
5,1,O,Y,N,Y,1,3,Al Sadd,10,TOP_TABLE,8.933333,2.3333335,2.6,1.0,3.0,2.9666667,1.3,1.6666667,-1.0333333,-0.7,-0.33333334,1.0,1.0,4.0,3.0,0.0,0.0,1,2,1,0,0,0,Qatar SC,1,BOTTOM_TABLE,-3.833333,1.0,-1.9999998,-1.5,-1.3333333,1.0833334,0.5,0.5833334,-2.9166667,-1.5,-1.4166667,1.0,1.0,4.0,3.0,0.0,0.0,0,0,1,0,1,2,1.4833332,4.2000003,5.433333,1.48,2.6
5,2,O,Y,Y,Y,2,5,Al Gharafa,9,MIDLE_UP,9.0,3.0,3.0,3.0,0.0,3.0,2.0,1.0,0.0,0.0,0.0,1.0,1.0,1.0,1.0,0.0,0.0,2,1,0,0,0,0,El Jaish,8,MIDLE_UP,7.3333335,2.3333335,1.0,3.0,1.0,2.1666667,1.5,0.6666667,-0.8333334,-0.5,-0.33333334,1.0,2.0,2.0,3.0,0.0,0.0,1,1,2,0,0,0,2.95,3.3166666,2.1833332,1.8,2.0
5,2,O,Y,Y,Y,3,5,Lekhwiya,9,TOP_TABLE,8.5,3.0,3.0,2.5,0.0,2.75,1.75,1.0,-0.25,-0.25,0.0,2.0,1.0,5.0,2.0,0.0,0.0,2,1,0,0,0,0,Al Arabi,9,TOP_TABLE,7.0,-2.0,3.0,3.0,3.0,3.0,2.0,1.0,-1.0,-1.0,0.0,1.0,1.0,1.0,4.0,0.0,0.0,2,1,0,0,1,0,1.46,4.1666665,5.5499997,1.5,2.5
5,1,O,N,N,Y,0,3,Al Wakrah,3,MIDLE_DOWN,-3.2666667,-1.3333333,3.0,-1.6000001,-1.3333333,1.8666667,0.6666667,1.2,-3.1333334,-1.3333334,-1.8,1.0,1.0,3.0,2.0,0.0,0.0,0,1,0,0,2,2,Al Gharafa,9,MIDLE_UP,7.275,-1.7249999,3.0,3.0,3.0,3.2,2.2,1.0,-0.8,-0.8,0.0,1.0,1.0,2.0,1.0,0.0,0.0,2,1,0,0,1,0,3.1833332,3.6166668,1.9433333,1.53,2.4
6,1,O,Y,Y,Y,2,3,Al Mesaimeer,0,BOTTOM_TABLE,-11.0,-3.0,-2.0,-2.0,-2.0,0.0,0.0,0.0,-5.0,-3.0,-2.0,1.0,0.0,2.0,1.0,0.0,0.0,0,0,0,0,3,2,Al Kharitiyath,4,MIDLE_DOWN,-0.99999964,1.3333334,-1.3333333,-2.0,-1.3333333,1.8333334,1.3333334,0.5,-3.1666667,-1.6666667,-1.5,0.0,1.0,3.0,5.0,0.0,0.0,1,0,0,1,2,1,3.45,3.5333335,1.8666667,1.6,2.3
6,1,U,Y,Y,N,2,2,El Jaish,11,TOP_TABLE,10.058333,2.725,2.3333335,1.0,3.0,2.9666667,1.5,1.4666667,-1.0333334,-0.5,-0.53333336,1.0,2.0,2.0,4.0,0.0,0.0,1,2,2,0,0,0,Lekhwiya,9,MIDLE_UP,7.3,-1.1999998,3.0,3.0,2.5,3.15,2.15,1.0,-0.85,-0.85,0.0,2.0,1.0,5.0,2.0,0.0,0.0,2,1,0,0,1,0,2.5666666,3.51,2.3100002,1.55,2.38
6,2,O,Y,N,Y,1,3,Al Sailiya,6,MIDLE_DOWN,-0.6666665,2.3333335,-2.0,3.0,-2.0,1.6666667,0.0,1.6666667,-3.3333333,-1.0,-2.3333333,1.0,1.0,2.0,3.0,0.0,0.0,0,2,0,0,1,2,Umm Salal,8,MIDLE_UP,7.5,4.0,1.0,-1.5,1.0,3.25,0.0,3.25,-1.75,0.0,-1.75,0.0,1.0,0.0,3.0,0.0,0.0,0,2,0,2,0,1,2.95,3.5166664,2.0833333,1.6,2.3
6,X,U,N,N,N,0,0,Al Sadd,13,TOP_TABLE,12.166667,3.2333336,2.3333335,2.6,1.0,3.6333334,1.9666667,1.6666667,-1.3666667,-1.0333333,-0.33333334,1.0,1.0,4.0,3.0,0.0,0.0,2,2,1,0,0,0,Al Khor,1,BOTTOM_TABLE,-7.25,-2.25,-2.0,1.0,-2.0,0.33333334,0.33333334,0.0,-3.6666667,-2.6666667,-1.0,2.0,0.0,3.0,0.0,0.0,0.0,0,0,0,1,3,1,1.2433333,5.566667,8.366667,1.43,2.75
6,1,O,N,N,N,0,3,Al Ahli,5,MIDLE_DOWN,0.66666687,0.6666666,-1.3333333,-2.0,2.3333335,2.0,0.8333334,1.1666667,-3.0,-1.1666667,-1.8333334,1.0,1.0,3.0,2.0,0.0,0.0,0,1,1,1,1,1,Qatar SC,1,BOTTOM_TABLE,-6.0666666,-2.2333336,1.0,-1.9999998,-1.5,1.4166667,0.5,0.91666675,-3.5833335,-1.5,-2.0833335,1.0,1.0,4.0,3.0,0.0,0.0,0,0,1,0,1,3,2.2833335,3.5,2.6666667,1.57,2.35
6,1,O,Y,Y,Y,2,7,Al Rayyan,15,TOP_TABLE,14.083334,3.25,3.0000005,2.5,2.3333335,4.0833335,2.75,1.3333334,-0.91666675,-0.25,-0.6666667,1.0,2.0,3.0,4.0,0.0,0.0,3,2,0,0,0,0,Al Arabi,12,TOP_TABLE,9.2,2.1999998,-2.0,3.0,3.0,3.6,2.0,1.6,-1.4,-1.0,-0.4,1.0,2.0,1.0,4.0,0.0,0.0,2,2,0,0,1,0,1.9266666,3.5833333,3.2333333,1.65,2.2
6,X,U,N,N,Y,0,2,Al Gharafa,9,MIDLE_UP,3.9416666,-3.3333335,-1.7249999,3.0,3.0,3.5333333,2.2,1.3333334,-1.4666667,-0.8,-0.6666667,1.0,0.0,2.0,2.0,0.0,0.0,2,1,0,0,1,1,Lekhwiya,9,MIDLE_UP,5.118182,-2.181818,-1.1999998,3.0,3.0,3.15,2.15,1.0,-1.85,-0.85,-1.0,2.0,1.0,5.0,2.0,0.0,0.0,2,1,0,0,1,1,3.533333,3.6833334,1.8333334,1.5,2.5
7,1,O,Y,N,Y,1,3,Al Kharitiyath,4,MIDLE_DOWN,-2.833333,-1.8333334,1.3333334,-1.3333333,-2.0,2.1666667,1.3333334,0.8333334,-3.8333335,-1.6666667,-2.1666667,0.0,1.0,3.0,4.0,0.0,0.0,1,0,0,1,2,2,Al Sailiya,6,MIDLE_DOWN,-2.2499998,-1.5833333,2.3333335,-2.0,3.0,2.0,0.33333334,1.6666667,-4.0,-1.6666667,-2.3333333,1.0,1.0,2.0,3.0,0.0,0.0,0,2,0,0,2,2,2.4633334,3.4666665,2.45,1.77,2.02
7,2,O,N,N,Y,0,3,Al Wakrah,6,MIDLE_DOWN,1.0666664,4.333333,-1.3333333,3.0,-1.6000001,2.5333333,1.3333334,1.2,-3.4666667,-1.6666667,-1.8,1.0,1.0,3.0,2.0,0.0,0.0,1,1,0,0,2,2,El Jaish,14,TOP_TABLE,13.240151,3.181818,2.725,2.3333335,1.0,3.9666667,2.5,1.4666667,-1.0333334,-0.5,-0.53333336,1.0,2.0,2.0,4.0,0.0,0.0,2,2,2,0,0,0,6.133333,4.3333335,1.4,1.48,2.6
7,1,U,N,N,N,0,1,Al Ahli,8,MIDLE_UP,4.4666667,3.7999997,0.6666666,-1.3333333,-2.0,3.0,1.8333334,1.1666667,-3.0,-1.1666667,-1.8333334,0.0,1.0,3.0,2.0,0.0,0.0,1,1,1,1,1,1,Al Khor,2,BOTTOM_TABLE,5.75,13.0,-2.25,-2.0,1.0,0.33333334,0.33333334,0.0,-3.6666667,-2.6666667,-1.0,2.0,0.0,3.0,0.0,0.0,0.0,0,0,0,2,3,1,1.9833332,3.5166667,3.1333332,1.7,2.1
7,2,U,N,N,N,0,2,Al Mesaimeer,3,BOTTOM_TABLE,-8.166666,2.833334,-3.0,-2.0,-2.0,0.6666667,0.6666667,0.0,-5.3333335,-3.3333333,-2.0,1.0,0.0,2.0,1.0,0.0,0.0,1,0,0,0,3,2,Qatar SC,1,BOTTOM_TABLE,-8.866667,-2.8000002,-2.2333336,1.0,-1.9999998,1.4166667,0.5,0.91666675,-4.5833335,-1.5,-3.0833335,1.0,0.0,4.0,3.0,0.0,0.0,0,0,1,0,1,4,4.193333,3.9833333,1.6133333,1.57,2.35
7,2,O,Y,N,Y,1,4,Lekhwiya,10,MIDLE_UP,6.118182,1.0,-2.181818,-1.1999998,3.0,3.65,2.15,1.5,-2.35,-0.85,-1.5,2.0,1.0,5.0,2.0,0.0,0.0,2,1,0,1,1,1,Al Rayyan,18,TOP_TABLE,16.711905,2.6285706,3.25,3.0000005,2.5,4.7976193,3.4642859,1.3333334,-1.202381,-0.53571427,-0.6666667,1.0,2.0,4.0,4.0,0.0,0.0,4,2,0,0,0,0,2.2833335,3.6499999,2.55,1.57,2.35
7,X,U,N,N,N,0,0,Al Gharafa,10,MIDLE_UP,4.9416666,1.0,-3.3333335,-1.7249999,3.0,4.0333333,2.7,1.3333334,-1.9666667,-1.3,-0.6666667,1.0,0.0,2.0,2.0,0.0,0.0,2,1,1,0,1,1,Umm Salal,11,MIDLE_UP,10.083334,2.583334,4.0,1.0,-1.5,3.9166667,0.0,3.9166667,-2.0833333,0.0,-2.0833333,0.0,1.0,0.0,3.0,0.0,0.0,0,3,0,2,0,1,2.2,3.5,2.7600002,1.7,2.1
7,X,O,Y,Y,Y,2,4,Al Arabi,12,MIDLE_UP,7.5714283,-1.6285715,2.1999998,-2.0,3.0,3.8857143,2.0,1.8857143,-2.1142857,-1.0,-1.1142857,1.0,2.0,1.0,5.0,0.0,0.0,2,2,0,0,1,1,Al Sadd,14,TOP_TABLE,1.166667,-11.0,3.2333336,2.3333335,2.6,3.6333334,1.9666667,1.6666667,-1.3666667,-1.0333333,-0.33333334,0.0,1.0,3.0,3.0,0.0,0.0,2,2,2,0,0,0,3.5833333,3.7166665,1.8000001,1.55,2.38
8,1,U,N,N,N,0,1,Umm Salal,12,TOP_TABLE,10.983334,0.8999996,2.583334,4.0,1.0,3.9166667,0.0,3.9166667,-2.0833333,0.0,-2.0833333,0.0,1.0,0.0,2.0,0.0,0.0,0,3,0,3,0,1,Lekhwiya,10,MIDLE_UP,4.1737375,-1.9444447,1.0,-2.181818,-1.1999998,3.9,2.4,1.5,-3.1,-1.6,-1.5,2.0,1.0,5.0,2.0,0.0,0.0,2,1,0,1,2,1,3.3166666,3.5999997,1.9133333,1.6,2.3
8,1,O,Y,N,Y,1,3,Al Arabi,13,MIDLE_UP,8.738095,1.166667,-1.6285715,2.1999998,-2.0,4.3857145,2.5,1.8857143,-2.6142857,-1.5,-1.1142857,1.0,2.0,1.0,5.0,0.0,0.0,2,2,1,0,1,1,Al Kharitiyath,7,MIDLE_DOWN,4.7683716E-7,2.8333335,-1.8333334,1.3333334,-1.3333333,2.8333335,2.0,0.8333334,-4.166667,-2.0,-2.1666667,0.0,1.0,3.0,4.0,0.0,0.0,2,0,0,1,2,2,1.7566667,3.75,3.8,1.53,2.4
8,1,O,Y,Y,Y,2,3,Al Rayyan,21,TOP_TABLE,19.65635,2.9444447,2.6285706,3.25,3.0000005,5.5476193,3.4642859,2.0833335,-1.452381,-0.53571427,-0.9166667,1.0,2.0,4.0,4.0,0.0,0.0,4,3,0,0,0,0,Al Wakrah,6,MIDLE_DOWN,-0.8380954,-1.9047618,4.333333,-1.3333333,3.0,2.8666666,1.6666667,1.2,-4.133333,-2.3333335,-1.8,0.0,1.0,3.0,2.0,0.0,0.0,1,1,0,0,3,2,1.25,5.325,8.25,1.4,2.88
8,1,O,Y,Y,Y,2,3,Al Khor,2,BOTTOM_TABLE,3.0,-2.75,13.0,-2.25,-2.0,0.33333334,0.33333334,0.0,-4.666667,-2.6666667,-2.0,2.0,0.0,3.0,0.0,0.0,0.0,0,0,0,2,3,2,Qatar SC,4,BOTTOM_TABLE,-3.8666668,5.0,-2.8000002,-2.2333336,1.0,2.4166667,0.5,1.9166667,-4.5833335,-1.5,-3.0833335,1.0,0.0,4.0,3.0,0.0,0.0,0,1,1,0,1,4,2.8500001,3.4833336,2.15,1.7,2.1
8,2,U,N,N,N,0,1,Al Gharafa,11,MIDLE_UP,6.0416665,1.0999999,1.0,-3.3333335,-1.7249999,4.0333333,2.7,1.3333334,-1.9666667,-1.3,-0.6666667,0.0,0.0,2.0,2.0,0.0,0.0,2,1,2,0,1,1,Al Sadd,15,TOP_TABLE,2.0000002,0.83333325,-11.0,3.2333336,2.3333335,4.133333,1.9666667,2.1666667,-1.8666667,-1.0333333,-0.8333334,0.0,1.0,3.0,3.0,0.0,0.0,2,2,2,1,0,0,4.316667,3.8166666,1.64,1.8,2.0
8,X,O,Y,N,Y,1,4,Al Sailiya,6,MIDLE_DOWN,-4.083333,-1.8333333,-1.5833333,2.3333335,-2.0,2.3333333,0.33333334,2.0,-4.6666665,-1.6666667,-3.0,1.0,1.0,2.0,3.0,0.0,0.0,0,2,0,0,2,3,Al Ahli,11,MIDLE_UP,8.216667,3.7500005,3.7999997,0.6666666,-1.3333333,4.0,2.8333335,1.1666667,-3.0,-1.1666667,-1.8333334,0.0,1.0,2.0,2.0,0.0,0.0,2,1,1,1,1,1,3.1750002,3.475,2.0,1.68,2.15
8,1,O,Y,Y,Y,5,7,El Jaish,17,TOP_TABLE,16.144913,2.9047613,3.181818,2.725,2.3333335,4.633333,2.5,2.1333334,-1.3666668,-0.5,-0.8666667,1.0,1.0,2.0,3.0,0.0,0.0,2,3,2,0,0,0,Al Mesaimeer,3,BOTTOM_TABLE,-12.166666,-4.0,2.833334,-3.0,-2.0,0.6666667,0.6666667,0.0,-6.3333335,-4.333333,-2.0,1.0,0.0,2.0,1.0,0.0,0.0,1,0,0,0,4,2,1.1933334,6.066667,10.316667,1.43,2.75
9,X,U,Y,N,Y,1,2,Umm Salal,15,MIDLE_UP,14.150001,3.166667,0.8999996,2.583334,4.0,4.916667,1.0,3.9166667,-2.0833333,0.0,-2.0833333,0.0,1.0,1.0,2.0,0.0,0.0,1,3,0,3,0,1,Al Ahli,12,MIDLE_UP,8.383334,0.16666698,3.7500005,3.7999997,0.6666666,4.5,2.8333335,1.6666667,-3.5,-1.1666667,-2.3333335,0.0,1.0,2.0,2.0,0.0,0.0,2,1,1,2,1,1,2.3500001,3.5666666,2.5333333,1.75,2.05
9,2,O,Y,N,Y,1,5,Al Mesaimeer,3,BOTTOM_TABLE,-14.418767,-2.252101,-4.0,2.833334,-3.0,0.952381,0.6666667,0.2857143,-7.0476193,-4.333333,-2.7142859,1.0,2.0,2.0,3.0,0.0,0.0,1,0,0,0,4,3,Al Wakrah,6,MIDLE_DOWN,-2.8857145,-2.047619,-1.9047618,4.333333,-1.3333333,3.1999998,1.6666667,1.5333334,-4.7999997,-2.3333335,-2.4666667,0.0,1.0,3.0,2.0,0.0,0.0,1,1,0,0,3,3,3.45,3.8,1.8166666,1.57,2.35
9,1,O,Y,Y,N,2,4,El Jaish,20,TOP_TABLE,19.397013,3.2521,2.9047613,3.181818,2.725,5.347619,3.2142859,2.1333334,-1.6523811,-0.78571427,-0.8666667,2.0,1.0,3.0,3.0,0.0,0.0,3,3,2,0,0,0,Al Arabi,16,TOP_TABLE,11.532968,2.7948723,1.166667,-1.6285715,2.1999998,5.052381,3.1666667,1.8857143,-2.947619,-1.8333334,-1.1142857,1.0,2.0,2.0,5.0,0.0,0.0,3,2,1,0,1,1,1.79,3.6666667,3.6833334,1.52,2.42
9,2,O,Y,Y,Y,4,4,Al Sailiya,7,MIDLE_DOWN,-2.2499998,1.8333333,-1.8333333,-1.5833333,2.3333335,2.8333333,0.8333334,2.0,-5.1666665,-2.1666667,-3.0,1.0,1.0,3.0,3.0,0.0,0.0,0,2,1,0,2,3,Al Gharafa,11,MIDLE_UP,3.7749999,-2.2666667,1.0999999,1.0,-3.3333335,4.0333333,2.7,1.3333334,-2.9666667,-2.3,-0.6666667,0.0,0.0,1.0,2.0,0.0,0.0,2,1,2,0,2,1,3.1499999,3.6000001,1.9499999,1.68,2.15
9,1,O,Y,N,Y,1,5,Lekhwiya,10,MIDLE_UP,2.007071,-2.1666665,-1.9444447,1.0,-2.181818,3.9,2.4,1.5,-4.1,-1.6,-2.5,2.0,0.0,5.0,1.0,0.0,0.0,2,1,0,1,2,2,Al Khor,5,BOTTOM_TABLE,6.3333335,3.3333335,-2.75,13.0,-2.25,1.0,1.0,0.0,-5.0000005,-3.0,-2.0,2.0,0.0,3.0,0.0,0.0,0.0,1,0,0,2,3,2,1.3033334,4.85,7.633333,1.57,2.35
9,2,O,Y,Y,Y,4,6,Al Kharitiyath,7,MIDLE_DOWN,-1.7948713,-1.7948718,2.8333335,-1.8333334,1.3333334,3.1666667,2.0,1.1666667,-4.8333335,-2.0,-2.8333335,0.0,1.0,3.0,4.0,0.0,0.0,2,0,0,1,2,3,Al Sadd,18,TOP_TABLE,5.266667,3.2666667,0.83333325,-11.0,3.2333336,5.133333,1.9666667,3.1666667,-1.8666667,-1.0333333,-0.8333334,0.0,1.0,3.0,3.0,0.0,0.0,2,3,2,1,0,0,7.75,4.9666667,1.2966666,1.55,2.38
9,2,O,Y,Y,N,5,9,Qatar SC,4,BOTTOM_TABLE,-6.2,-2.333333,5.0,-2.8000002,-2.2333336,2.75,0.5,2.25,-5.25,-1.5,-3.7500002,1.0,0.0,4.0,3.0,0.0,0.0,0,1,1,0,1,5,Al Rayyan,24,TOP_TABLE,22.703968,3.0476189,2.9444447,2.6285706,3.25,6.214286,4.1309524,2.0833335,-1.7857144,-0.86904764,-0.9166667,1.0,2.0,4.0,4.0,0.0,0.0,5,3,0,0,0,0,5.9,4.65,1.3833333,1.44,2.7
10,X,U,N,N,Y,0,2,Umm Salal,16,TOP_TABLE,14.900001,0.75,3.166667,0.8999996,2.583334,5.416667,1.5,3.9166667,-2.5833333,-0.5,-2.0833333,0.0,1.0,1.0,2.0,0.0,0.0,1,3,1,3,0,1,Al Wakrah,9,MIDLE_DOWN,0.21428537,3.1,-2.047619,-1.9047618,4.333333,3.9999998,1.6666667,2.3333335,-4.9999995,-2.3333335,-2.6666667,0.0,1.0,3.0,3.0,0.0,0.0,1,2,0,0,3,3,1.7800001,3.7,3.5666666,1.53,2.4
10,1,O,Y,Y,N,2,5,Al Sailiya,7,MIDLE_DOWN,-4.113636,-1.8636363,1.8333333,-1.8333333,-1.5833333,3.0833333,1.0833334,2.0,-5.9166665,-2.9166667,-3.0,1.0,1.0,3.0,3.0,0.0,0.0,0,2,1,0,3,3,Qatar SC,4,BOTTOM_TABLE,-9.033333,-2.833333,-2.333333,5.0,-2.8000002,2.75,0.5,2.25,-6.25,-2.5,-3.7500002,2.0,0.0,5.0,3.0,0.0,0.0,0,1,1,0,2,5,2.6499999,3.5166667,2.2333333,1.53,2.4
10,1,U,Y,N,N,1,2,Al Kharitiyath,7,MIDLE_DOWN,-3.7393157,-1.9444444,-1.7948718,2.8333335,-1.8333334,3.5,2.3333333,1.1666667,-5.5,-2.6666667,-2.8333335,1.0,1.0,3.0,4.0,0.0,0.0,2,0,0,1,3,3,Al Gharafa,14,MIDLE_UP,6.6386366,2.8636367,-2.2666667,1.0999999,1.0,4.7833333,2.7,2.0833335,-3.2166667,-2.3,-0.9166667,0.0,1.0,1.0,2.0,0.0,0.0,2,2,2,0,2,1,3.6333332,3.75,1.7633333,1.57,2.35
10,1,U,N,N,N,0,1,Al Arabi,16,MIDLE_UP,9.332968,-2.1999998,2.7948723,1.166667,-1.6285715,5.052381,3.1666667,1.8857143,-3.947619,-1.8333334,-2.1142857,1.0,2.0,2.0,5.0,0.0,0.0,3,2,1,0,1,2,Al Ahli,13,MIDLE_UP,9.633334,1.25,0.16666698,3.7500005,3.7999997,5.0,2.8333335,2.1666667,-4.0,-1.1666667,-2.8333335,0.0,1.0,2.0,2.0,0.0,0.0,2,1,1,3,1,1,2.31,3.4666665,2.6166666,1.65,2.2
10,2,O,Y,Y,Y,2,6,Al Sadd,21,TOP_TABLE,8.211111,2.9444442,3.2666667,0.83333325,-11.0,5.7999997,1.9666667,3.8333335,-2.2,-1.0333333,-1.1666667,0.0,1.0,3.0,3.0,0.0,0.0,2,4,2,1,0,0,Lekhwiya,13,MIDLE_UP,4.707071,2.6999998,-2.1666665,-1.9444447,1.0,4.5,3.0,1.5,-4.5,-2.0,-2.5,1.0,0.0,5.0,1.0,0.0,0.0,3,1,0,1,2,2,2.0,3.7333333,2.9666665,1.55,2.38
10,2,O,N,N,Y,0,3,Al Mesaimeer,3,BOTTOM_TABLE,-16.518766,-2.0999994,-2.252101,-4.0,2.833334,1.1523811,0.8666667,0.2857143,-7.8476195,-5.133333,-2.7142859,1.0,2.0,3.0,3.0,0.0,0.0,1,0,0,0,5,3,Al Khor,5,BOTTOM_TABLE,4.633333,-1.7000003,3.3333335,-2.75,13.0,1.4,1.0,0.4,-5.6000004,-3.0,-2.6,2.0,0.0,3.0,1.0,0.0,0.0,1,0,0,2,3,3,4.5166664,3.95,1.58,1.6,2.3
10,1,O,Y,N,Y,1,3,Al Rayyan,27,TOP_TABLE,26.537302,3.833334,3.0476189,2.9444447,2.6285706,7.214286,4.1309524,3.0833335,-1.7857144,-0.86904764,-0.9166667,1.0,2.0,4.0,5.0,0.0,0.0,5,4,0,0,0,0,El Jaish,23,TOP_TABLE,22.597013,3.2000008,3.2521,2.9047613,3.181818,6.347619,4.214286,2.1333334,-1.6523811,-0.78571427,-0.8666667,2.0,1.0,3.0,3.0,0.0,0.0,4,3,2,0,0,0,1.9866667,3.8166666,2.9766667,1.45,2.67
11,1,O,Y,Y,Y,3,8,Lekhwiya,16,MIDLE_UP,7.655789,2.948718,2.6999998,-2.1666665,-1.9444447,5.1666665,3.0,2.1666667,-4.8333335,-2.0,-2.8333333,1.0,1.0,5.0,2.0,0.0,0.0,3,2,0,1,2,2,Al Wakrah,10,MIDLE_DOWN,1.992063,1.7777777,3.1,-2.047619,-1.9047618,4.5,1.6666667,2.8333335,-5.4999995,-2.3333335,-3.1666667,0.0,1.0,3.0,2.0,0.0,0.0,1,2,0,1,3,3,1.3266667,4.9500003,6.8333335,1.38,3.0
11,X,O,Y,N,Y,1,4,Al Khor,8,BOTTOM_TABLE,7.366667,2.7333336,-1.7000003,3.3333335,-2.75,2.0666666,1.0,1.0666667,-5.933334,-3.0,-2.9333332,2.0,0.0,3.0,1.0,0.0,0.0,1,1,0,2,3,3,Al Kharitiyath,10,MIDLE_DOWN,0.26068425,4.0,-1.9444444,-1.7948718,2.8333335,4.5,3.3333333,1.1666667,-5.5,-2.6666667,-2.8333335,1.0,1.0,3.0,4.0,0.0,0.0,3,0,0,1,3,3,2.2166667,3.4166667,2.7833335,1.75,2.05
11,X,O,Y,Y,Y,2,4,Al Ahli,13,MIDLE_UP,7.445834,-2.1875,1.25,0.16666698,3.7500005,5.0,2.8333335,2.1666667,-5.0,-1.1666667,-3.8333335,0.0,1.0,2.0,2.0,0.0,0.0,2,1,1,3,1,2,Al Mesaimeer,3,BOTTOM_TABLE,-18.2521,-1.7333336,-2.0999994,-2.252101,-4.0,1.4857144,1.2,0.2857143,-8.514286,-5.7999997,-2.7142859,0.0,2.0,3.0,3.0,0.0,0.0,1,0,0,0,6,3,1.2933334,5.233333,7.4500003,1.4,2.85
11,2,O,Y,Y,Y,3,3,Al Sadd,21,TOP_TABLE,6.262393,-1.9487181,2.9444442,3.2666667,0.83333325,6.133333,2.3,3.8333335,-2.8666668,-1.7,-1.1666667,1.0,1.0,3.0,3.0,0.0,0.0,2,4,2,1,1,0,Al Sailiya,10,MIDLE_DOWN,-0.68506455,3.4285715,-1.8636363,1.8333333,-1.8333333,4.083333,2.0833335,2.0,-5.9166665,-2.9166667,-3.0,1.0,1.0,3.0,3.0,0.0,0.0,1,2,1,0,3,3,1.2366667,5.4500003,8.466666,1.35,3.1
11,X,U,N,N,Y,0,2,Umm Salal,17,MIDLE_UP,15.122223,0.22222233,0.75,3.166667,0.8999996,5.916667,2.0,3.9166667,-3.0833333,-1.0,-2.0833333,0.0,1.0,1.0,2.0,0.0,0.0,1,3,2,3,0,1,Al Arabi,19,MIDLE_UP,12.520468,3.1875,-2.1999998,2.7948723,1.166667,6.052381,4.166667,1.8857143,-3.947619,-1.8333334,-2.1142857,1.0,2.0,1.0,5.0,0.0,0.0,4,2,1,0,1,2,2.8333333,3.3833332,2.1666667,1.78,2.06
11,1,U,N,N,N,0,1,Qatar SC,4,BOTTOM_TABLE,-11.461905,-2.4285717,-2.833333,-2.333333,5.0,2.75,0.5,2.25,-7.25,-2.5,-4.75,2.0,1.0,5.0,3.0,0.0,0.0,0,1,1,0,2,6,El Jaish,23,TOP_TABLE,21.115532,-1.4814816,3.2000008,3.2521,2.9047613,6.6809525,4.214286,2.4666667,-2.3190477,-0.78571427,-1.5333333,2.0,1.0,3.0,3.0,0.0,0.0,4,3,2,0,0,1,8.233334,5.716667,1.24,1.32,3.2
11,2,U,Y,N,N,1,2,Al Gharafa,14,MIDLE_UP,3.6386366,-3.0,2.8636367,-2.2666667,1.0999999,4.7833333,2.7,2.0833335,-4.2166667,-2.3,-1.9166667,0.0,1.0,1.0,2.0,0.0,0.0,2,2,2,0,2,2,Al Rayyan,30,TOP_TABLE,29.018784,2.4814816,3.833334,3.0476189,2.9444447,7.8809524,4.797619,3.0833335,-2.1190476,-1.202381,-0.9166667,1.0,2.0,3.0,5.0,0.0,0.0,6,4,0,0,0,0,4.6,4.24,1.54,1.33,3.4
12,1,U,Y,N,N,1,2,Al Sailiya,13,MIDLE_DOWN,2.7482688,3.4333334,3.4285715,-1.8636363,1.8333333,4.7499995,2.0833335,2.6666667,-6.25,-2.9166667,-3.3333333,1.0,1.0,3.0,3.0,0.0,0.0,1,3,1,0,3,3,Al Khor,9,BOTTOM_TABLE,8.616667,1.25,2.7333336,-1.7000003,3.3333335,2.5666666,1.5,1.0666667,-6.433334,-3.5,-2.9333332,2.0,0.0,3.0,1.0,0.0,0.0,1,1,1,2,3,3,2.1166666,3.7,2.783333,1.52,2.42
12,1,U,N,N,N,0,1,Al Wakrah,10,MIDLE_DOWN,0.117063046,-1.875,1.7777777,3.1,-2.047619,4.75,1.6666667,3.0833335,-6.2499995,-2.3333335,-3.9166667,0.0,1.0,3.0,3.0,0.0,0.0,1,2,0,1,3,4,Al Kharitiyath,11,MIDLE_DOWN,1.0106843,0.75,4.0,-1.9444444,-1.7948718,5.0,3.3333333,1.6666667,-6.0,-2.6666667,-3.3333335,1.0,1.0,3.0,4.0,0.0,0.0,3,0,0,2,3,3,2.2333333,3.7166665,2.6166668,1.52,2.42
12,X,U,N,N,N,0,0,Qatar SC,7,BOTTOM_TABLE,-3.7119045,7.75,-2.4285717,-2.833333,-2.333333,3.75,1.5,2.25,-7.25,-2.5,-4.75,1.0,1.0,4.0,3.0,0.0,0.0,1,1,1,0,2,6,Al Gharafa,14,MIDLE_UP,1.1053033,-2.5333333,-3.0,2.8636367,-2.2666667,4.7833333,2.7,2.0833335,-5.2166667,-3.3,-1.9166667,0.0,1.0,1.0,2.0,0.0,0.0,2,2,2,0,3,2,3.4666665,3.8666666,1.8066667,1.55,2.38
12,2,O,Y,Y,N,3,4,Al Ahli,14,MIDLE_DOWN,5.112501,-2.333333,-2.1875,1.25,0.16666698,5.5,3.3333335,2.1666667,-5.5,-1.6666667,-3.8333335,0.0,1.0,3.0,2.0,0.0,0.0,2,1,2,3,1,2,Lekhwiya,19,MIDLE_UP,10.530788,2.8749995,2.948718,2.6999998,-2.1666665,5.9166665,3.75,2.1666667,-5.0833335,-2.25,-2.8333333,2.0,1.0,5.0,2.0,0.0,0.0,4,2,0,1,2,2,5.0499997,4.116667,1.5466667,1.55,2.38
12,2,O,Y,Y,Y,2,5,El Jaish,23,TOP_TABLE,14.365532,-6.75,-1.4814816,3.2000008,3.2521,6.6809525,4.214286,2.4666667,-3.3190477,-0.78571427,-2.5333333,2.0,1.0,3.0,3.0,0.0,0.0,4,3,2,0,0,2,Umm Salal,18,MIDLE_UP,16.23987,1.1176472,0.22222233,0.75,3.166667,6.416667,2.5,3.9166667,-3.5833333,-1.5,-2.0833333,0.0,1.0,1.0,2.0,0.0,0.0,1,3,3,3,0,1,1.8333334,3.5666666,3.5666666,1.65,2.2
12,1,O,N,N,Y,0,5,Al Arabi,20,TOP_TABLE,13.402821,0.8823528,3.1875,-2.1999998,2.7948723,6.552381,4.166667,2.3857143,-4.447619,-1.8333334,-2.6142857,1.0,1.0,1.0,4.0,0.0,0.0,4,2,1,1,1,2,Al Mesaimeer,4,BOTTOM_TABLE,-13.918767,4.333333,-1.7333336,-2.0999994,-2.252101,1.9857144,1.2,0.78571427,-9.014286,-5.7999997,-3.2142859,0.0,2.0,3.0,3.0,0.0,0.0,1,0,0,1,6,3,1.2,5.85,10.400001,1.48,2.6
12,2,O,Y,Y,Y,3,3,Al Rayyan,33,TOP_TABLE,32.552116,3.5333328,2.4814816,3.833334,3.0476189,8.880953,4.797619,4.0833335,-2.1190476,-1.202381,-0.9166667,1.0,2.0,3.0,4.0,0.0,0.0,6,5,0,0,0,0,Al Sadd,21,TOP_TABLE,3.8290598,-2.4333332,-1.9487181,2.9444442,3.2666667,6.4666667,2.6333332,3.8333335,-3.5333335,-2.3666668,-1.1666667,1.0,1.0,3.0,3.0,0.0,0.0,2,4,2,1,2,0,2.1166666,3.5166667,2.9166667,1.5,2.5
13,X,O,Y,Y,Y,2,4,Qatar SC,8,BOTTOM_TABLE,-1.7119045,2.0,7.75,-2.4285717,-2.833333,3.75,1.5,2.25,-7.25,-2.5,-4.75,1.0,1.0,3.0,3.0,0.0,0.0,1,1,2,0,2,6,Al Wakrah,13,MIDLE_DOWN,3.217063,3.1,-1.875,1.7777777,3.1,5.75,2.6666667,3.0833335,-6.2499995,-2.3333335,-3.9166667,0.0,1.0,2.0,3.0,0.0,0.0,2,2,0,1,3,4,2.4166667,3.5,2.4833333,1.57,2.35
13,1,U,Y,N,N,1,2,Al Sailiya,16,MIDLE_UP,6.055961,3.3076923,3.4333334,3.4285715,-1.8636363,5.7499995,3.0833335,2.6666667,-6.25,-2.9166667,-3.3333333,1.0,1.0,3.0,3.0,0.0,0.0,2,3,1,0,3,3,Al Arabi,23,TOP_TABLE,16.80282,3.3999996,0.8823528,3.1875,-2.1999998,7.352381,4.966667,2.3857143,-4.647619,-2.0333333,-2.6142857,0.0,1.0,2.0,4.0,0.0,0.0,5,2,1,1,1,2,3.0833333,3.5166667,2.0333333,1.6,2.3
13,2,O,Y,N,N,1,3,Umm Salal,21,MIDLE_UP,18.717648,2.4777775,1.1176472,0.22222233,0.75,7.016667,2.5,4.516667,-3.9833333,-1.5,-2.4833333,0.0,1.0,1.0,3.0,0.0,0.0,1,4,3,3,0,1,Al Kharitiyath,11,MIDLE_DOWN,-1.0893157,-2.1,0.75,4.0,-1.9444444,5.0,3.3333333,1.6666667,-7.0,-2.6666667,-4.3333335,1.0,1.0,3.0,3.0,0.0,0.0,3,0,0,2,3,4,1.8566667,3.7333333,3.3666668,1.6,2.3
13,1,U,N,N,N,0,2,Al Khor,9,BOTTOM_TABLE,6.3089743,-2.3076925,1.25,2.7333336,-1.7000003,2.5666666,1.5,1.0666667,-7.433334,-3.5,-3.9333332,2.0,0.0,3.0,1.0,0.0,0.0,1,1,1,2,3,4,Al Gharafa,15,MIDLE_UP,1.1053033,0.0,-2.5333333,-3.0,2.8636367,4.7833333,2.7,2.0833335,-5.2166667,-3.3,-1.9166667,0.0,1.0,1.0,2.0,0.0,0.0,2,2,2,1,3,2,3.0166664,3.5,2.0666668,1.8,2.0
13,1,O,Y,Y,Y,2,4,Al Rayyan,33,TOP_TABLE,30.647354,-1.9047623,3.5333328,2.4814816,3.833334,9.214286,5.1309524,4.0833335,-2.7857144,-1.8690476,-0.9166667,1.0,2.0,3.0,4.0,0.0,0.0,6,5,0,0,1,0,Al Ahli,14,MIDLE_DOWN,2.8493433,-2.2631578,-2.333333,-2.1875,1.25,5.5,3.3333335,2.1666667,-6.5,-2.6666667,-3.8333335,1.0,1.0,3.0,2.0,0.0,0.0,2,1,2,3,2,2,1.3266667,4.6666665,7.366667,1.55,2.38
13,1,O,Y,Y,Y,3,6,El Jaish,23,TOP_TABLE,12.887754,-1.4777775,-6.75,-1.4814816,3.2000008,7.0809526,4.614286,2.4666667,-3.9190478,-1.3857143,-2.5333333,2.0,1.0,3.0,3.0,0.0,0.0,4,3,2,0,1,2,Al Sadd,24,TOP_TABLE,6.733822,2.904762,-2.4333332,-1.9487181,2.9444442,7.133333,2.6333332,4.5,-3.8666668,-2.3666668,-1.5000001,1.0,2.0,3.0,3.0,0.0,0.0,2,5,2,1,2,0,3.1000001,3.7,1.9666667,1.55,2.38
13,2,U,Y,Y,N,2,2,Al Mesaimeer,4,BOTTOM_TABLE,-16.318768,-2.4000006,4.333333,-1.7333336,-2.0999994,2.1857145,1.2,0.98571426,-9.814286,-5.7999997,-4.014286,0.0,1.0,3.0,3.0,0.0,0.0,1,0,0,1,6,4,Lekhwiya,22,MIDLE_UP,13.793946,3.2631578,2.8749995,2.948718,2.6999998,6.9166665,3.75,3.1666667,-5.0833335,-2.25,-2.8333333,2.0,1.0,5.0,2.0,0.0,0.0,4,3,0,1,2,2,9.166667,4.7999997,1.0966667,1.32,3.2
14,1,O,Y,Y,Y,4,6,Al Sadd,24,TOP_TABLE,5.3570104,-1.3768115,2.904762,-2.4333332,-1.9487181,7.4666667,2.6333332,4.8333335,-4.5333333,-2.3666668,-2.1666667,1.0,2.0,3.0,3.0,0.0,0.0,2,5,2,1,2,1,Al Mesaimeer,4,BOTTOM_TABLE,-19.13695,-2.818182,-2.4000006,4.333333,-1.7333336,2.1857145,1.2,0.98571426,-10.814286,-6.7999997,-4.014286,1.0,1.0,2.0,3.0,0.0,0.0,1,0,0,1,7,4,1.115,7.875,12.25,1.36,3.1
14,X,U,N,N,N,0,0,Umm Salal,21,MIDLE_UP,15.808557,-2.909091,2.4777775,1.1176472,0.22222233,7.016667,2.5,4.516667,-4.9833336,-2.5,-2.4833333,0.0,1.0,2.0,3.0,0.0,0.0,1,4,3,3,1,1,Al Khor,12,BOTTOM_TABLE,9.975641,3.666667,-2.3076925,1.25,2.7333336,3.5666666,2.5,1.0666667,-7.433334,-3.5,-3.9333332,1.0,0.0,3.0,1.0,0.0,0.0,2,1,1,2,3,4,1.73,3.55,4.143333,1.82,1.9833332
14,2,O,Y,Y,Y,3,5,Qatar SC,9,BOTTOM_TABLE,-0.086904526,1.625,2.0,7.75,-2.4285717,4.25,2.0,2.25,-7.75,-3.0,-4.75,1.0,1.0,3.0,3.0,0.0,0.0,1,1,3,0,2,6,Al Kharitiyath,14,MIDLE_DOWN,2.8197753,3.909091,-2.1,0.75,4.0,6.0,3.3333333,2.6666667,-7.0,-2.6666667,-4.3333335,1.0,1.0,3.0,3.0,0.0,0.0,3,1,0,2,3,4,2.15,3.4666665,2.8833332,1.63,2.25
14,2,O,N,N,Y,0,3,Al Sailiya,19,MIDLE_UP,9.493462,3.4375005,3.3076923,3.4333334,3.4285715,6.7499995,4.0833335,2.6666667,-6.25,-2.9166667,-3.3333333,1.0,1.0,3.0,3.0,0.0,0.0,3,3,1,0,3,3,Al Rayyan,36,TOP_TABLE,33.72311,3.075756,-1.9047623,3.5333328,2.4814816,9.964286,5.8809524,4.0833335,-3.0357144,-2.1190476,-0.9166667,1.0,2.0,3.0,4.0,0.0,0.0,7,5,0,0,1,0,6.5833335,4.5666666,1.3666667,1.52,2.42
14,2,U,Y,N,N,1,1,Al Ahli,14,MIDLE_DOWN,0.7735858,-2.0757575,-2.2631578,-2.333333,-2.1875,5.75,3.3333335,2.4166667,-7.25,-2.6666667,-4.5833335,1.0,1.0,3.0,2.0,0.0,0.0,2,1,2,3,2,3,El Jaish,26,TOP_TABLE,15.264566,2.376812,-1.4777775,-6.75,-1.4814816,7.747619,5.2809525,2.4666667,-4.2523813,-1.7190477,-2.5333333,2.0,1.0,3.0,3.0,0.0,0.0,5,3,2,0,1,2,4.6,3.8500001,1.6366667,1.57,2.35
14,1,O,N,N,N,0,4,Lekhwiya,25,TOP_TABLE,17.612127,3.818181,3.2631578,2.8749995,2.948718,7.9166665,3.75,4.166667,-5.0833335,-2.25,-2.8333333,2.0,1.0,5.0,2.0,0.0,0.0,4,4,0,1,2,2,Al Gharafa,15,MIDLE_DOWN,-1.5613635,-2.6666667,0.0,-2.5333333,-3.0,4.7833333,2.7,2.0833335,-6.2166667,-3.3,-2.9166667,0.0,1.0,1.0,2.0,0.0,0.0,2,2,2,1,3,3,1.3266667,4.9166665,6.7833333,1.43,2.75
14,1,U,Y,N,N,1,1,Al Wakrah,14,MIDLE_DOWN,3.592063,0.375,3.1,-1.875,1.7777777,6.25,2.6666667,3.5833335,-6.7499995,-2.3333335,-4.416667,0.0,1.0,2.0,3.0,0.0,0.0,2,2,0,2,3,4,Al Arabi,23,MIDLE_UP,14.36532,-2.4375,3.3999996,0.8823528,3.1875,7.352381,4.966667,2.3857143,-5.647619,-2.0333333,-3.6142857,0.0,1.0,2.0,4.0,0.0,0.0,5,2,1,1,1,3,2.71,3.5666666,2.1966667,1.63,2.25
15,2,O,Y,N,Y,1,3,Qatar SC,9,BOTTOM_TABLE,-1.6440475,-1.557143,1.625,2.0,7.75,4.65,2.4,2.25,-8.35,-3.6,-4.75,1.0,1.0,3.0,3.0,0.0,0.0,1,1,3,0,3,6,Lekhwiya,28,TOP_TABLE,21.012127,3.3999996,3.818181,3.2631578,2.8749995,8.916666,4.75,4.166667,-5.0833335,-2.25,-2.8333333,1.0,1.0,5.0,2.0,0.0,0.0,5,4,0,1,2,2,8.599999,5.2000003,1.2633333,1.38,3.0
15,1,O,Y,N,Y,1,3,Al Khor,13,BOTTOM_TABLE,11.725641,1.75,3.666667,-2.3076925,1.25,3.5666666,2.5,1.0666667,-7.433334,-3.5,-3.9333332,1.0,0.0,3.0,1.0,0.0,0.0,2,1,1,3,3,4,Al Arabi,23,MIDLE_UP,11.722464,-2.6428566,-2.4375,3.3999996,0.8823528,7.352381,4.966667,2.3857143,-6.647619,-2.0333333,-4.6142855,0.0,1.0,2.0,3.0,0.0,0.0,5,2,1,1,1,4,2.7766666,3.3666668,2.25,1.9,1.9
15,1,O,Y,Y,Y,2,3,Al Rayyan,39,TOP_TABLE,36.528667,2.8055573,3.075756,-1.9047623,3.5333328,10.630953,5.8809524,4.75,-3.3690476,-2.1190476,-1.25,1.0,2.0,3.0,4.0,0.0,0.0,7,6,0,0,1,0,Al Kharitiyath,17,MIDLE_DOWN,5.376918,2.5571425,3.909091,-2.1,0.75,6.6,3.3333333,3.266667,-7.4,-2.6666667,-4.7333336,1.0,1.0,3.0,3.0,0.0,0.0,3,2,0,2,3,4,1.31,4.9666667,7.2333336,1.45,2.67
15,2,U,N,N,N,0,2,Al Mesaimeer,4,BOTTOM_TABLE,-21.63695,-2.5,-2.818182,-2.4000006,4.333333,2.3523812,1.2,1.152381,-11.647619,-6.7999997,-4.8476195,1.0,2.0,2.0,4.0,0.0,0.0,1,0,0,1,7,5,Al Gharafa,15,MIDLE_DOWN,-3.9613636,-2.4,-2.6666667,0.0,-2.5333333,4.7833333,2.7,2.0833335,-7.2166667,-3.3,-3.9166667,0.0,0.0,1.0,2.0,0.0,0.0,2,2,2,1,3,4,7.4833336,4.5766664,1.3299999,1.6,2.3
15,X,U,Y,Y,Y,2,2,Umm Salal,22,MIDLE_UP,16.058556,0.24999905,-2.909091,2.4777775,1.1176472,7.016667,2.5,4.516667,-4.9833336,-2.5,-2.4833333,0.0,1.0,1.0,3.0,0.0,0.0,1,4,4,3,1,1,Al Sadd,27,TOP_TABLE,8.85701,3.4999995,-1.3768115,2.904762,-2.4333332,8.3,3.4666665,4.8333335,-4.7,-2.5333335,-2.1666667,1.0,2.0,3.0,3.0,0.0,0.0,3,5,2,1,2,1,2.9166667,3.5833333,2.1133335,1.63,2.25
15,2,O,Y,N,Y,1,3,Al Sailiya,19,MIDLE_UP,7.6879063,-1.8055553,3.4375005,3.3076923,3.4333334,7.083333,4.416667,2.6666667,-6.9166665,-3.5833335,-3.3333333,1.0,1.0,3.0,3.0,0.0,0.0,3,3,1,0,4,3,El Jaish,29,TOP_TABLE,18.726105,3.4615383,2.376812,-1.4777775,-6.75,8.74762,5.2809525,3.4666667,-4.2523813,-1.7190477,-2.5333333,2.0,1.0,3.0,2.0,0.0,0.0,5,4,2,0,1,2,4.3433337,3.8666668,1.6333333,1.65,2.2
15,1,O,N,N,Y,0,3,Al Ahli,14,BOTTOM_TABLE,-1.6879525,-2.4615383,-2.0757575,-2.2631578,-2.333333,5.75,3.3333335,2.4166667,-8.25,-3.6666667,-4.5833335,1.0,1.0,2.0,2.0,0.0,0.0,2,1,2,3,3,3,Al Wakrah,17,MIDLE_DOWN,7.23492,3.642857,0.375,3.1,-1.875,7.25,3.6666667,3.5833335,-6.7499995,-2.3333335,-4.416667,0.0,1.0,2.0,3.0,0.0,0.0,3,2,0,2,3,4,1.9066668,3.6333332,3.3333333,1.57,2.35
16,2,U,Y,N,N,1,1,Al Ahli,17,BOTTOM_TABLE,0.8596666,2.547619,-2.4615383,-2.0757575,-2.2631578,6.4166665,4.0,2.4166667,-8.583333,-4.0,-4.5833335,1.0,1.0,2.0,2.0,0.0,0.0,3,1,2,3,3,3,Al Gharafa,18,MIDLE_UP,-0.2280302,3.7333333,-2.4,-2.6666667,0.0,5.7833333,2.7,3.0833335,-7.2166667,-3.3,-3.9166667,0.0,0.0,1.0,2.0,0.0,0.0,2,3,2,1,3,4,2.0666666,3.5,3.0333335,1.7,2.1
16,1,O,Y,N,Y,1,4,Al Sailiya,19,MIDLE_UP,6.0097456,-1.6781607,-1.8055553,3.4375005,3.3076923,7.4166665,4.7500005,2.6666667,-7.583333,-4.25,-3.3333333,1.0,1.0,3.0,3.0,0.0,0.0,3,3,1,0,5,3,Al Mesaimeer,4,BOTTOM_TABLE,-24.370283,-2.7333336,-2.5,-2.818182,-2.4000006,2.3523812,1.2,1.152381,-12.647619,-7.7999997,-4.8476195,0.0,2.0,2.0,4.0,0.0,0.0,1,0,0,1,8,5,1.2866666,5.3166666,7.3333335,1.45,2.67
16,1,U,Y,N,N,1,1,Al Khor,16,MIDLE_DOWN,14.828205,3.1025639,1.75,3.666667,-2.3076925,4.233333,3.1666667,1.0666667,-7.7666674,-3.8333333,-3.9333332,1.0,0.0,3.0,1.0,0.0,0.0,3,1,1,3,3,4,El Jaish,32,TOP_TABLE,21.404266,2.6781616,3.4615383,2.376812,-1.4777775,9.414287,5.2809525,4.133333,-4.585715,-1.7190477,-2.8666666,2.0,1.0,3.0,2.0,0.0,0.0,5,5,2,0,1,2,4.4,4.0499997,1.5999999,1.65,2.2
16,2,U,N,N,N,0,2,Umm Salal,23,MIDLE_UP,17.285828,1.227272,0.24999905,-2.909091,2.4777775,7.516667,3.0,4.516667,-5.4833336,-3.0,-2.4833333,0.0,1.0,1.0,3.0,0.0,0.0,1,4,5,3,1,1,Al Rayyan,42,TOP_TABLE,39.4261,2.8974342,2.8055573,3.075756,-1.9047623,11.29762,6.547619,4.75,-3.702381,-2.452381,-1.25,1.0,2.0,3.0,4.0,0.0,0.0,8,6,0,0,1,0,4.0499997,3.9333334,1.6433334,1.48,2.6
16,2,O,Y,N,Y,1,5,Al Kharitiyath,17,BOTTOM_TABLE,3.479482,-1.8974359,2.5571425,3.909091,-2.1,6.9333334,3.3333333,3.6000001,-8.066667,-2.6666667,-5.4,1.0,1.0,3.0,3.0,0.0,0.0,3,2,0,2,3,5,Lekhwiya,31,TOP_TABLE,24.024033,3.0119057,3.3999996,3.818181,3.2631578,9.583333,4.75,4.8333335,-5.416667,-2.25,-3.1666665,1.0,1.0,5.0,2.0,0.0,0.0,5,5,0,1,2,2,7.116667,4.9666667,1.3066667,1.44,2.7
16,1,O,Y,Y,Y,2,4,Al Wakrah,17,MIDLE_DOWN,5.6873007,-1.5476193,3.642857,0.375,3.1,7.5833335,3.6666667,3.9166667,-7.416666,-2.3333335,-5.0833335,0.0,1.0,2.0,3.0,0.0,0.0,3,2,0,2,3,5,Al Sadd,28,TOP_TABLE,9.629737,0.772727,3.4999995,-1.3768115,2.904762,8.8,3.4666665,5.3333335,-5.2,-2.5333335,-2.6666667,1.0,2.0,3.0,3.0,0.0,0.0,3,5,2,2,2,1,4.0,4.1600003,1.6133333,1.44,2.7
16,X,U,Y,N,Y,1,2,Al Arabi,23,MIDLE_UP,9.6199,-2.1025639,-2.6428566,-2.4375,3.3999996,7.6857147,4.966667,2.7190475,-7.3142853,-2.0333333,-5.280952,0.0,1.0,2.0,3.0,0.0,0.0,5,2,1,1,1,5,Qatar SC,9,BOTTOM_TABLE,-3.6559522,-2.0119047,-1.557143,1.625,2.0,4.9833336,2.7333333,2.25,-9.016667,-4.2666664,-4.75,1.0,1.0,3.0,3.0,0.0,0.0,1,1,3,0,4,6,1.8933334,3.6333332,3.3166666,1.6,2.3
17,1,O,Y,Y,N,2,3,El Jaish,32,TOP_TABLE,18.404266,-3.0,2.6781616,3.4615383,2.376812,9.414287,5.2809525,4.133333,-5.585715,-1.7190477,-3.8666666,2.0,1.0,3.0,2.0,0.0,0.0,5,5,2,0,1,3,Al Kharitiyath,17,BOTTOM_TABLE,1.8278689,-1.651613,-1.8974359,2.5571425,3.909091,7.3333335,3.7333333,3.6000001,-8.666667,-3.266667,-5.4,1.0,1.0,3.0,3.0,0.0,0.0,3,2,0,2,4,5,1.6433333,3.9333332,4.0833335,1.52,2.42
17,X,U,N,N,Y,0,2,Al Sadd,28,TOP_TABLE,7.482678,-2.147059,0.772727,3.4999995,-1.3768115,9.05,3.4666665,5.5833335,-5.95,-2.5333335,-3.4166667,1.0,2.0,3.0,3.0,0.0,0.0,3,5,2,2,2,2,Al Ahli,17,MIDLE_DOWN,-1.195889,-2.0555556,2.547619,-2.4615383,-2.0757575,6.4166665,4.0,2.4166667,-9.583333,-5.0,-4.5833335,1.0,1.0,2.0,2.0,0.0,0.0,3,1,2,3,4,3,1.5,4.2166667,5.066667,1.52,2.42
17,X,O,Y,N,Y,1,4,Umm Salal,23,MIDLE_UP,14.8334465,-2.4523811,1.227272,0.24999905,-2.909091,7.516667,3.0,4.516667,-6.4833336,-4.0,-2.4833333,0.0,1.0,1.0,3.0,0.0,0.0,1,4,5,3,2,1,Qatar SC,10,BOTTOM_TABLE,-1.1003966,2.5555556,-2.0119047,-1.557143,1.625,5.4833336,2.7333333,2.75,-9.516667,-4.2666664,-5.25,1.0,1.0,3.0,3.0,0.0,0.0,1,1,3,1,4,6,2.1266665,3.4833336,2.8500001,1.62,2.25
17,2,O,Y,N,Y,1,5,Lekhwiya,34,TOP_TABLE,26.675646,2.6516132,3.0119057,3.3999996,3.818181,10.183333,4.75,5.4333334,-5.816667,-2.25,-3.5666666,1.0,1.0,5.0,3.0,0.0,0.0,5,6,0,1,2,2,Al Sailiya,22,MIDLE_UP,9.299219,3.2894735,-1.6781607,-1.8055553,3.4375005,8.166666,5.5000005,2.6666667,-7.833333,-4.5,-3.3333333,1.0,1.0,3.0,3.0,0.0,0.0,4,3,1,0,5,3,1.2366667,5.6166663,8.75,1.4,2.88
17,2,O,Y,N,Y,1,5,Al Gharafa,21,MIDLE_UP,2.8275254,3.0555556,3.7333333,-2.4,-2.6666667,6.7833333,2.7,4.0833335,-7.2166667,-3.3,-3.9166667,0.0,0.0,1.0,2.0,0.0,0.0,2,4,2,1,3,4,Al Arabi,24,MIDLE_UP,9.064344,-0.55555534,-2.1025639,-2.6428566,-2.4375,8.185715,5.466667,2.7190475,-7.8142853,-2.5333333,-5.280952,0.0,1.0,2.0,3.0,0.0,0.0,5,2,2,1,1,5,1.6999999,3.6499999,4.2833333,1.67,2.15
17,2,U,Y,N,N,1,1,Al Wakrah,20,MIDLE_DOWN,8.83436,3.1470594,-1.5476193,3.642857,0.375,8.333334,4.416667,3.9166667,-7.666666,-2.5833335,-5.0833335,0.0,1.0,2.0,3.0,0.0,0.0,4,2,0,2,3,5,Al Khor,19,MIDLE_DOWN,18.828205,4.0,3.1025639,1.75,3.666667,5.233333,4.166667,1.0666667,-7.7666674,-3.8333333,-3.9333332,1.0,0.0,2.0,1.0,0.0,0.0,4,1,1,3,3,4,2.1666667,3.3999999,2.8266666,1.67,2.15
17,2,U,N,N,N,0,2,Al Mesaimeer,4,BOTTOM_TABLE,-26.659758,-2.2894745,-2.7333336,-2.5,-2.818182,2.6023812,1.2,1.402381,-13.397619,-7.7999997,-5.5976195,0.0,1.0,2.0,4.0,0.0,0.0,1,0,0,1,8,6,Al Rayyan,45,TOP_TABLE,42.878483,3.4523811,2.8974342,2.8055573,3.075756,12.29762,6.547619,5.75,-3.702381,-2.452381,-1.25,1.0,1.0,3.0,4.0,0.0,0.0,8,7,0,0,1,0,15.5,8.733334,1.08,1.25,4.0
18,X,U,Y,N,Y,1,2,Al Kharitiyath,17,BOTTOM_TABLE,-0.64088106,-2.46875,-1.651613,-1.8974359,2.5571425,7.3333335,3.7333333,3.6000001,-9.666667,-3.266667,-6.4,1.0,1.0,3.0,3.0,0.0,0.0,3,2,0,2,4,6,Al Ahli,18,MIDLE_DOWN,0.45116997,1.647059,-2.0555556,2.547619,-2.4615383,6.9166665,4.0,2.9166667,-10.083333,-5.0,-5.0833335,1.0,1.0,2.0,2.0,0.0,0.0,3,1,2,4,4,3,2.7,3.4333332,2.2333333,1.7,2.1
18,1,U,Y,N,N,1,1,Al Arabi,27,MIDLE_UP,11.389344,2.3249998,-0.55555534,-2.1025639,-2.6428566,8.785715,5.466667,3.3190475,-8.214285,-2.5333333,-5.680952,0.0,1.0,2.0,3.0,0.0,0.0,5,3,2,1,1,5,Lekhwiya,34,TOP_TABLE,24.930191,-1.7454548,2.6516132,3.0119057,3.3999996,10.583333,5.15,5.4333334,-6.416667,-2.85,-3.5666666,1.0,1.0,5.0,3.0,0.0,0.0,5,6,0,1,3,2,4.733333,4.133333,1.5433334,1.48,2.6
18,1,U,N,N,N,0,1,Al Rayyan,48,TOP_TABLE,46.789593,3.91111,3.4523811,2.8974342,2.8055573,13.29762,6.547619,6.75,-3.702381,-2.452381,-1.25,1.0,1.0,3.0,3.0,0.0,0.0,8,8,0,0,1,0,Al Khor,22,MIDLE_UP,21.880836,3.0526314,4.0,3.1025639,1.75,6.233333,4.166667,2.0666666,-7.7666674,-3.8333333,-3.9333332,1.0,0.0,2.0,1.0,0.0,0.0,4,2,1,3,3,4,1.3433332,4.7933335,6.4,1.38,3.0
18,2,O,Y,Y,Y,4,5,Al Sailiya,25,MIDLE_UP,12.044674,2.7454548,3.2894735,-1.6781607,-1.8055553,8.766666,5.5000005,3.266667,-8.233333,-4.5,-3.7333333,1.0,1.0,3.0,3.0,0.0,0.0,4,4,1,0,5,3,Al Wakrah,20,MIDLE_DOWN,6.7817287,-2.0526314,3.1470594,-1.5476193,3.642857,8.333334,4.416667,3.9166667,-8.666666,-3.5833335,-5.0833335,0.0,1.0,2.0,3.0,0.0,0.0,4,2,0,2,4,5,2.4333334,3.4666665,2.5,1.68,2.15
18,1,U,N,N,N,0,2,Umm Salal,24,MIDLE_UP,14.533446,-0.3000002,-2.4523811,1.227272,0.24999905,8.016666,3.5,4.516667,-6.9833336,-4.5,-2.4833333,0.0,1.0,2.0,3.0,0.0,0.0,1,4,6,3,2,1,Al Mesaimeer,4,BOTTOM_TABLE,-29.57087,-2.9111118,-2.2894745,-2.7333336,-2.5,2.6023812,1.2,1.402381,-14.397619,-8.799999,-5.5976195,0.0,1.0,2.0,4.0,0.0,0.0,1,0,0,1,9,6,1.1933333,6.316667,10.400001,1.48,2.6
18,X,O,Y,N,Y,1,4,El Jaish,35,TOP_TABLE,21.873016,3.46875,-3.0,2.6781616,3.4615383,10.414287,6.2809525,4.133333,-5.585715,-1.7190477,-3.8666666,2.0,1.0,3.0,2.0,0.0,0.0,6,5,2,0,1,3,Al Gharafa,21,MIDLE_DOWN,1.5025253,-1.325,3.0555556,3.7333333,-2.4,7.1833334,3.1000001,4.0833335,-7.8166666,-3.9,-3.9166667,0.0,0.0,2.0,2.0,0.0,0.0,2,4,2,1,4,4,1.8666667,3.6999998,3.3666668,1.57,2.35
18,1,U,N,N,N,0,1,Qatar SC,11,BOTTOM_TABLE,1.1996033,2.3,2.5555556,-2.0119047,-1.557143,5.9833336,2.7333333,3.25,-10.016667,-4.2666664,-5.75,1.0,1.0,3.0,3.0,0.0,0.0,1,1,3,2,4,6,Al Sadd,29,MIDLE_UP,7.835619,0.35294104,-2.147059,0.772727,3.4999995,9.55,3.9666665,5.5833335,-6.45,-3.0333335,-3.4166667,1.0,2.0,3.0,3.0,0.0,0.0,3,5,3,2,2,2,4.0,3.9666665,1.6666666,1.4,2.88
19,1,O,Y,Y,Y,2,4,Al Kharitiyath,18,BOTTOM_TABLE,0.41794252,1.0588236,-2.46875,-1.651613,-1.8974359,7.8333335,4.2333336,3.6000001,-10.166667,-3.766667,-6.4,1.0,1.0,3.0,3.0,0.0,0.0,3,2,1,2,4,6,Al Mesaimeer,4,BOTTOM_TABLE,-32.4042,-2.833332,-2.9111118,-2.2894745,-2.7333336,2.6023812,1.2,1.402381,-15.397619,-8.799999,-6.5976195,0.0,1.0,2.0,3.0,0.0,0.0,1,0,0,1,9,7,1.3433334,4.7833333,6.4,1.5,2.5
19,1,O,N,N,N,0,3,Lekhwiya,34,TOP_TABLE,22.670933,-2.2592583,-1.7454548,2.6516132,3.0119057,10.583333,5.15,5.4333334,-7.416667,-2.85,-4.5666666,1.0,1.0,5.0,2.0,0.0,0.0,5,6,0,1,3,3,El Jaish,36,TOP_TABLE,22.20635,0.33333397,3.46875,-3.0,2.6781616,10.914287,6.7809525,4.133333,-6.085715,-2.2190475,-3.8666666,2.0,1.0,3.0,2.0,0.0,0.0,6,5,3,0,1,3,1.9699999,3.6499999,3.0833333,1.55,2.38
19,1,O,Y,Y,Y,2,5,Qatar SC,14,BOTTOM_TABLE,5.835967,4.636364,2.3,2.5555556,-2.0119047,6.9833336,3.7333333,3.25,-10.016667,-4.2666664,-5.75,1.0,1.0,3.0,3.0,0.0,0.0,2,1,3,2,4,6,Al Ahli,19,BOTTOM_TABLE,1.3923464,0.9411764,1.647059,-2.0555556,2.547619,7.4166665,4.0,3.4166667,-10.583333,-5.0,-5.5833335,1.0,1.0,2.0,2.0,0.0,0.0,3,1,2,5,4,3,2.4166667,3.4166667,2.5,1.7,2.1
19,2,O,Y,N,Y,1,4,Al Khor,22,MIDLE_DOWN,19.33917,-2.541666,3.0526314,4.0,3.1025639,6.233333,4.166667,2.0666666,-8.766667,-3.8333333,-4.9333334,1.0,0.0,2.0,1.0,0.0,0.0,4,2,1,3,3,5,Al Sadd,29,MIDLE_UP,4.1992555,-3.6363635,0.35294104,-2.147059,0.772727,9.55,3.9666665,5.5833335,-7.45,-3.0333335,-4.416667,1.0,1.0,3.0,3.0,0.0,0.0,3,5,3,2,2,3,3.6333332,3.6499999,1.7866668,1.63,2.25
19,1,U,N,N,N,0,2,Umm Salal,27,MIDLE_UP,18.36678,3.833333,-0.3000002,-2.4523811,1.227272,9.016666,4.5,4.516667,-6.9833336,-4.5,-2.4833333,0.0,1.0,2.0,3.0,0.0,0.0,2,4,6,3,2,1,Al Sailiya,25,MIDLE_UP,10.594674,-1.4499998,2.7454548,3.2894735,-1.6781607,9.166666,5.9000006,3.266667,-8.833333,-5.1,-3.7333333,1.0,1.0,3.0,3.0,0.0,0.0,4,4,1,0,6,3,1.9166666,3.5,3.3333333,1.75,2.05
19,1,O,Y,Y,Y,2,5,Al Gharafa,22,MIDLE_DOWN,3.169192,1.6666667,-1.325,3.0555556,3.7333333,7.6833334,3.1000001,4.5833335,-8.316667,-3.9,-4.416667,0.0,0.0,2.0,2.0,0.0,0.0,2,4,2,2,4,4,Al Wakrah,23,MIDLE_UP,9.231729,2.4499998,-2.0526314,3.1470594,-1.5476193,8.933334,4.416667,4.516667,-9.066666,-3.5833335,-5.4833336,0.0,1.0,2.0,3.0,0.0,0.0,4,3,0,2,4,5,2.0333333,3.5666666,2.95,1.6,2.3
19,2,U,N,N,N,0,2,Al Arabi,30,MIDLE_UP,14.648603,3.2592592,2.3249998,-0.55555534,-2.1025639,9.785715,6.466667,3.3190475,-8.214285,-2.5333333,-5.680952,0.0,1.0,2.0,3.0,0.0,0.0,6,3,2,1,1,5,Al Rayyan,51,TOP_TABLE,50.33126,3.541668,3.91111,3.4523811,2.8974342,14.29762,7.547619,6.75,-3.702381,-2.452381,-1.25,1.0,1.0,3.0,3.0,0.0,0.0,9,8,0,0,1,0,3.8166668,3.7833335,1.7166667,1.55,2.38
20,1,O,N,N,Y,0,3,Al Sailiya,25,MIDLE_UP,8.5206,-2.0740738,-1.4499998,2.7454548,3.2894735,9.166666,5.9000006,3.266667,-9.833333,-5.1,-4.7333336,1.0,1.0,3.0,3.0,0.0,0.0,4,4,1,0,6,4,Al Kharitiyath,21,MIDLE_DOWN,3.6957202,3.2777777,1.0588236,-2.46875,-1.651613,8.583334,4.9833336,3.6000001,-10.416667,-4.016667,-6.4,1.0,1.0,3.0,3.0,0.0,0.0,4,2,1,2,4,6,2.5,3.6499999,2.3166666,1.53,2.4
20,2,U,Y,N,N,1,2,Al Khor,22,MIDLE_DOWN,17.597792,-1.7413788,-2.541666,3.0526314,4.0,6.483333,4.416667,2.0666666,-9.516667,-4.583333,-4.9333334,1.0,0.0,2.0,1.0,0.0,0.0,4,2,1,3,4,5,Al Ahli,19,BOTTOM_TABLE,-0.16479659,-1.557143,0.9411764,1.647059,-2.0555556,7.8166666,4.0,3.8166668,-11.183333,-5.0,-6.1833334,1.0,1.0,2.0,2.0,0.0,0.0,3,1,2,5,4,4,2.5666668,3.25,2.4666665,1.8,2.0
20,1,O,Y,Y,N,2,5,Al Rayyan,54,TOP_TABLE,53.743027,3.411766,3.541668,3.91111,3.4523811,15.29762,7.547619,7.75,-3.702381,-2.452381,-1.25,1.0,1.0,3.0,3.0,0.0,0.0,9,9,0,0,1,0,Lekhwiya,37,TOP_TABLE,25.729755,3.0588226,-2.2592583,-1.7454548,2.6516132,11.583333,6.15,5.4333334,-7.416667,-2.85,-4.5666666,1.0,1.0,5.0,2.0,0.0,0.0,6,6,0,1,3,3,1.6374999,4.2125,4.25,1.99,2.62
20,1,O,N,N,N,0,3,Qatar SC,17,BOTTOM_TABLE,8.39311,2.5571432,4.636364,2.3,2.5555556,7.5833335,4.3333335,3.25,-10.416667,-4.6666665,-5.75,1.0,1.0,3.0,3.0,0.0,0.0,3,1,3,2,4,6,Al Mesaimeer,4,BOTTOM_TABLE,-34.68198,-2.2777786,-2.833332,-2.9111118,-2.2894745,2.8523812,1.2,1.652381,-16.14762,-8.799999,-7.3476195,0.0,1.0,2.0,3.0,0.0,0.0,1,0,0,1,9,8,1.3325,5.075,7.25,1.465,2.74
20,1,U,N,N,N,0,1,El Jaish,36,TOP_TABLE,20.147526,-2.0588245,0.33333397,3.46875,-3.0,10.914287,6.7809525,4.133333,-7.085715,-2.2190475,-4.866667,2.0,0.0,3.0,2.0,0.0,0.0,6,5,3,0,1,4,Al Wakrah,23,MIDLE_DOWN,7.986274,-1.2454548,2.4499998,-2.0526314,3.1470594,9.333334,4.416667,4.916667,-9.666666,-3.5833335,-6.0833335,0.0,1.0,2.0,3.0,0.0,0.0,4,3,0,2,4,6,1.9033333,3.4533331,3.3666668,1.51,2.56
20,X,O,Y,Y,Y,3,8,Umm Salal,30,MIDLE_UP,21.440853,3.0740738,3.833333,-0.3000002,-2.4523811,10.016666,5.5,4.516667,-6.9833336,-4.5,-2.4833333,0.0,1.0,2.0,3.0,0.0,0.0,3,4,6,3,2,1,Al Gharafa,25,MIDLE_UP,5.414646,2.245454,1.6666667,-1.325,3.0555556,8.283334,3.7000003,4.5833335,-8.716666,-4.3,-4.416667,0.0,0.0,2.0,2.0,0.0,0.0,3,4,2,2,4,4,2.5349998,3.3875,2.5375,1.84,1.995
20,1,O,Y,Y,Y,2,4,Al Sadd,32,TOP_TABLE,6.9406347,2.7413793,-3.6363635,0.35294104,-2.147059,10.3,3.9666665,6.3333335,-7.7,-3.0333335,-4.666667,1.0,1.0,3.0,3.0,0.0,0.0,3,6,3,2,2,3,Al Arabi,30,MIDLE_UP,12.236839,-2.4117641,3.2592592,2.3249998,-0.55555534,9.785715,6.466667,3.3190475,-9.214285,-3.5333333,-5.680952,0.0,1.0,2.0,3.0,0.0,0.0,6,3,2,1,2,5,1.6425,4.0,4.375,1.5450001,2.495
21,2,O,Y,Y,N,2,5,Al Wakrah,23,MIDLE_DOWN,5.6251626,-2.3611112,-1.2454548,2.4499998,-2.0526314,9.333334,4.416667,4.916667,-10.666666,-3.5833335,-7.0833335,0.0,1.0,2.0,3.0,0.0,0.0,4,3,0,2,4,7,Al Rayyan,57,TOP_TABLE,57.057842,3.3148155,3.411766,3.541668,3.91111,16.297619,8.547619,7.75,-3.702381,-2.452381,-1.25,1.0,1.0,3.0,3.0,0.0,0.0,10,9,0,0,1,0,9.25,6.066667,1.23,1.275,3.75
21,X,U,Y,N,Y,1,2,Al Kharitiyath,21,BOTTOM_TABLE,2.2023869,-1.4933333,3.2777777,1.0588236,-2.46875,8.916667,4.9833336,3.9333334,-11.083334,-4.016667,-7.0666666,1.0,1.0,3.0,3.0,0.0,0.0,4,2,1,2,4,7,Al Arabi,30,MIDLE_UP,10.674339,-1.5625,-2.4117641,3.2592592,2.3249998,10.035715,6.466667,3.5690475,-9.964285,-3.5333333,-6.430952,0.0,1.0,2.0,3.0,0.0,0.0,6,3,2,1,2,6,2.615,3.525,2.225,1.57,2.35
21,2,O,Y,Y,Y,2,3,Al Ahli,22,MIDLE_DOWN,2.993098,3.1578946,-1.557143,0.9411764,1.647059,8.816667,4.0,4.8166666,-11.183333,-5.0,-6.1833334,1.0,1.0,2.0,2.0,0.0,0.0,3,2,2,5,4,4,Al Sailiya,28,MIDLE_UP,11.013934,2.4933338,-2.0740738,-1.4499998,2.7454548,9.833333,6.566667,3.266667,-10.166666,-5.4333334,-4.7333336,1.0,1.0,3.0,3.0,0.0,0.0,5,4,1,0,6,4,2.1666667,3.5,2.8333333,1.65,2.2
21,2,O,Y,Y,Y,3,4,Qatar SC,20,BOTTOM_TABLE,12.157816,3.7647057,2.5571432,4.636364,2.3,8.583334,5.3333335,3.25,-10.416667,-4.6666665,-5.75,1.0,1.0,3.0,3.0,0.0,0.0,4,1,3,2,4,6,Al Khor,22,MIDLE_DOWN,15.439898,-2.1578941,-1.7413788,-2.541666,3.0526314,6.483333,4.416667,2.0666666,-10.516667,-5.583333,-4.9333334,1.0,0.0,2.0,1.0,0.0,0.0,4,2,1,3,5,5,2.0800002,3.5,2.9833333,1.73,2.08
21,X,U,N,N,Y,0,2,Lekhwiya,37,TOP_TABLE,23.41494,-2.3148155,3.0588226,-2.2592583,-1.7454548,11.583333,6.15,5.4333334,-8.416667,-2.85,-5.5666666,1.0,1.0,5.0,3.0,0.0,0.0,6,6,0,1,3,4,Umm Salal,31,MIDLE_UP,22.240852,0.79999924,3.0740738,3.833333,-0.3000002,10.516666,6.0,4.516667,-7.4833336,-5.0,-2.4833333,0.0,1.0,2.0,3.0,0.0,0.0,3,4,7,3,2,1,1.51,4.2374997,5.325,1.46,2.65
21,X,U,N,N,Y,0,2,Al Mesaimeer,4,BOTTOM_TABLE,-37.446686,-2.7647057,-2.2777786,-2.833332,-2.9111118,2.8523812,1.2,1.652381,-17.14762,-8.799999,-8.34762,0.0,1.0,2.0,3.0,0.0,0.0,1,0,0,1,9,9,El Jaish,39,TOP_TABLE,23.508636,3.3611107,-2.0588245,0.33333397,3.46875,11.914287,7.7809525,4.133333,-7.085715,-2.2190475,-4.866667,1.0,0.0,3.0,2.0,0.0,0.0,7,5,3,0,1,4,13.916667,8.599999,1.09,1.36,3.1
21,X,U,Y,Y,Y,2,2,Al Sadd,35,TOP_TABLE,9.503135,2.5625,2.7413793,-3.6363635,0.35294104,11.05,4.716666,6.3333335,-7.95,-3.2833335,-4.666667,1.0,1.0,3.0,3.0,0.0,0.0,4,6,3,2,2,3,Al Gharafa,26,MIDLE_UP,6.614646,1.1999998,2.245454,1.6666667,-1.325,8.783334,3.7000003,5.0833335,-9.216666,-4.3,-4.916667,0.0,1.0,2.0,2.0,0.0,0.0,3,4,2,3,4,4,1.6375,3.8125,4.245,1.39,3.075
22,1,O,Y,Y,Y,2,4,Al Wakrah,23,MIDLE_DOWN,3.0286713,-2.5964913,-2.3611112,-1.2454548,2.4499998,9.333334,4.416667,4.916667,-11.666666,-4.5833335,-7.0833335,1.0,1.0,2.0,3.0,0.0,0.0,4,3,0,2,5,7,Al Mesaimeer,5,BOTTOM_TABLE,-27.696686,9.75,-2.7647057,-2.2777786,-2.833332,3.3523812,1.7,1.652381,-17.64762,-9.299999,-8.34762,0.0,1.0,2.0,3.0,0.0,0.0,1,0,1,1,9,9,1.305,5.2925,7.3875003,1.48,2.6
22,1,U,N,N,N,0,1,Al Sadd,36,TOP_TABLE,10.1569805,0.6538458,2.5625,2.7413793,-3.6363635,11.55,5.216666,6.3333335,-8.45,-3.7833335,-4.666667,1.0,1.0,3.0,3.0,0.0,0.0,4,6,4,2,2,3,Al Kharitiyath,22,BOTTOM_TABLE,3.6309583,1.4285715,-1.4933333,3.2777777,1.0588236,9.416667,5.4833336,3.9333334,-11.583334,-4.516667,-7.0666666,1.0,1.0,3.0,3.0,0.0,0.0,4,2,2,2,4,7,1.5033334,4.2833333,4.9666667,1.44,2.7
22,2,U,N,N,N,0,2,Al Khor,25,MIDLE_DOWN,18.030807,2.59091,-2.1578941,-1.7413788,-2.541666,7.233333,4.416667,2.8166666,-10.766667,-5.583333,-5.1833334,1.0,0.0,2.0,1.0,0.0,0.0,4,3,1,3,5,5,Lekhwiya,38,TOP_TABLE,24.221392,0.8064518,-2.3148155,3.0588226,-2.2592583,12.083333,6.65,5.4333334,-8.916667,-3.35,-5.5666666,1.0,1.0,4.0,3.0,0.0,0.0,6,6,1,1,3,4,4.7000003,4.1,1.5333333,1.57,2.35
22,X,U,N,N,N,0,0,Al Rayyan,60,TOP_TABLE,60.654335,3.5964928,3.3148155,3.411766,3.541668,17.297619,8.547619,8.75,-3.702381,-2.452381,-1.25,1.0,1.0,3.0,3.0,0.0,0.0,10,10,0,0,1,0,Qatar SC,20,BOTTOM_TABLE,10.566907,-1.590909,3.7647057,2.5571432,4.636364,8.833334,5.5833335,3.25,-11.166667,-5.4166665,-5.75,1.0,1.0,3.0,3.0,0.0,0.0,4,1,3,2,5,6,1.27,5.5125,8.3,1.395,2.8899999
22,1,U,Y,Y,N,2,2,Al Arabi,31,MIDLE_UP,11.245768,0.5714283,-1.5625,-2.4117641,3.2592592,10.535715,6.466667,4.0690475,-10.464285,-3.5333333,-6.930952,0.0,1.0,2.0,3.0,0.0,0.0,6,3,2,2,2,6,El Jaish,40,TOP_TABLE,15.758636,-7.75,3.3611107,-2.0588245,0.33333397,12.414287,7.7809525,4.633333,-7.585715,-2.2190475,-5.366667,1.0,0.0,3.0,2.0,0.0,0.0,7,5,3,1,1,4,2.4875002,3.4625,2.5475001,1.625,2.25
22,1,O,Y,Y,Y,2,6,Al Ahli,22,MIDLE_DOWN,1.4454789,-1.5476191,3.1578946,-1.557143,0.9411764,9.15,4.3333335,4.8166666,-11.85,-5.6666665,-6.1833334,1.0,1.0,2.0,2.0,0.0,0.0,3,2,2,5,5,4,Umm Salal,32,MIDLE_UP,23.4344,1.1935482,0.79999924,3.0740738,3.833333,11.016666,6.0,5.016667,-7.9833336,-5.0,-2.9833333,0.0,1.0,2.0,3.0,0.0,0.0,3,4,7,4,2,1,2.5366666,3.26,2.6633334,1.8833333,1.8466667
22,1,O,Y,N,N,1,4,Al Gharafa,27,MIDLE_UP,7.9607997,1.3461537,1.1999998,2.245454,1.6666667,9.283334,3.7000003,5.5833335,-9.716666,-4.3,-5.416667,0.0,1.0,2.0,2.0,0.0,0.0,3,4,2,4,4,4,Al Sailiya,31,MIDLE_UP,13.561553,2.5476189,2.4933338,-2.0740738,-1.4499998,10.5,6.566667,3.9333336,-10.499999,-5.4333334,-5.066667,1.0,1.0,3.0,3.0,0.0,0.0,5,5,1,0,6,4,1.8733333,3.5,3.55,1.57,2.35
23,X,U,Y,N,Y,1,2,Qatar SC,21,BOTTOM_TABLE,13.566907,3.0,-1.590909,3.7647057,2.5571432,8.833334,5.5833335,3.25,-11.166667,-5.4166665,-5.75,1.0,0.0,3.0,2.0,0.0,0.0,4,1,3,3,5,6,Al Sailiya,31,MIDLE_UP,11.413404,-2.1481485,2.5476189,2.4933338,-2.0740738,10.5,6.566667,3.9333336,-11.499999,-5.4333334,-6.066667,1.0,1.0,3.0,3.0,0.0,0.0,5,5,1,0,6,5,2.0666666,3.6333332,2.9666665,1.55,2.38
23,2,U,N,N,N,0,1,Al Wakrah,26,MIDLE_DOWN,6.3112803,3.282609,-2.5964913,-2.3611112,-1.2454548,10.083334,5.166667,4.916667,-11.916666,-4.8333335,-7.0833335,1.0,1.0,2.0,3.0,0.0,0.0,5,3,0,2,5,7,Umm Salal,32,MIDLE_UP,21.646523,-1.787878,1.1935482,0.79999924,3.0740738,11.349999,6.0,5.3500004,-8.650001,-5.0,-3.65,0.0,1.0,2.0,3.0,0.0,0.0,3,4,7,4,2,2,2.5,3.4833333,2.4,1.63,2.25
23,1,O,Y,N,Y,1,4,Al Ahli,25,MIDLE_DOWN,4.233358,2.787879,-1.5476191,3.1578946,-1.557143,9.816667,5.0,4.8166666,-12.183333,-6.0,-6.1833334,1.0,1.0,3.0,2.0,0.0,0.0,4,2,2,5,5,4,Al Arabi,34,MIDLE_UP,14.53609,3.2903223,0.5714283,-1.5625,-2.4117641,11.535715,7.466667,4.0690475,-10.464285,-3.5333333,-6.930952,0.0,1.0,2.0,3.0,0.0,0.0,7,3,2,2,2,6,2.5775,3.5249999,2.4025,1.625,2.315
23,1,U,Y,N,N,1,1,Al Khor,25,MIDLE_DOWN,15.688702,-2.3421059,2.59091,-2.1578941,-1.7413788,7.233333,4.416667,2.8166666,-11.766667,-6.583333,-5.1833334,1.0,0.0,2.0,1.0,0.0,0.0,4,3,1,3,6,5,Al Mesaimeer,5,BOTTOM_TABLE,-29.979294,-2.282608,9.75,-2.7647057,-2.2777786,3.6023812,1.7,1.902381,-18.39762,-9.299999,-9.09762,0.0,1.0,2.0,3.0,0.0,0.0,1,0,1,1,9,10,1.33,4.85,6.35,1.5,2.5
23,X,U,Y,N,Y,1,2,Al Gharafa,30,MIDLE_UP,11.108948,3.148148,1.3461537,1.1999998,2.245454,10.283334,4.7000003,5.5833335,-9.716666,-4.3,-5.416667,0.0,1.0,2.0,2.0,0.0,0.0,4,4,2,4,4,4,Al Kharitiyath,22,BOTTOM_TABLE,1.2420695,-2.3888888,1.4285715,-1.4933333,3.2777777,9.416667,5.4833336,3.9333334,-12.583334,-4.516667,-8.066667,1.0,1.0,3.0,3.0,0.0,0.0,4,2,2,2,4,8,1.8466667,3.5166664,3.5166667,1.57,2.35
23,2,O,Y,Y,Y,3,5,Lekhwiya,41,TOP_TABLE,27.563498,3.3421059,0.8064518,-2.3148155,3.0588226,13.083333,6.65,6.4333334,-8.916667,-3.35,-5.5666666,1.0,1.0,4.0,2.0,0.0,0.0,6,7,1,1,3,4,Al Sadd,39,TOP_TABLE,13.54587,3.3888893,0.6538458,2.5625,2.7413793,12.55,6.216666,6.3333335,-8.45,-3.7833335,-4.666667,1.0,1.0,3.0,3.0,0.0,0.0,5,6,4,2,2,3,2.2424998,3.55,2.7749999,1.45,2.735
23,1,O,N,N,Y,0,3,El Jaish,40,TOP_TABLE,13.468314,-2.2903223,-7.75,3.3611107,-2.0588245,12.414287,7.7809525,4.633333,-8.585714,-2.2190475,-6.366667,1.0,0.0,3.0,2.0,0.0,0.0,7,5,3,1,1,5,Al Rayyan,61,TOP_TABLE,59.654335,-1.0,3.5964928,3.3148155,3.411766,17.297619,8.547619,8.75,-3.702381,-2.452381,-1.25,1.0,1.0,3.0,3.0,0.0,0.0,10,10,1,0,1,0,3.2124999,3.5875,2.0175,1.5999999,2.355
24,X,U,Y,N,Y,1,2,El Jaish,43,TOP_TABLE,16.326649,2.8583345,-2.2903223,-7.75,3.3611107,13.080954,8.447619,4.633333,-8.919047,-2.5523808,-6.366667,1.0,0.0,3.0,2.0,0.0,0.0,8,5,3,1,1,5,Qatar SC,22,BOTTOM_TABLE,15.0430975,1.4761906,3.0,-1.590909,3.7647057,9.333334,6.0833335,3.25,-11.666667,-5.9166665,-5.75,1.0,0.0,3.0,2.0,0.0,0.0,4,1,4,3,5,6,1.8000001,2.6666667,2.1499999,1.63,2.25
24,1,U,Y,N,N,1,2,Al Wakrah,26,MIDLE_DOWN,4.1237803,-2.1875,3.282609,-2.5964913,-2.3611112,10.083334,5.166667,4.916667,-12.916666,-5.8333335,-7.0833335,1.0,1.0,2.0,3.0,0.0,0.0,5,3,0,2,6,7,Lekhwiya,41,TOP_TABLE,26.312216,-1.2512817,3.3421059,0.8064518,-2.3148155,13.483333,7.05,6.4333334,-9.516667,-3.9499998,-5.5666666,1.0,1.0,4.0,2.0,0.0,0.0,6,7,1,1,4,4,4.5333333,4.233333,1.5533333,1.55,2.38
24,2,O,N,N,Y,0,3,Al Rayyan,61,TOP_TABLE,57.796,-1.8583336,-1.0,3.5964928,3.3148155,17.630953,8.547619,9.083333,-4.3690476,-2.452381,-1.9166667,1.0,1.0,3.0,3.0,0.0,0.0,10,10,1,0,1,1,Al Gharafa,31,MIDLE_UP,11.745312,0.636364,3.148148,1.3461537,1.1999998,10.783334,5.2000003,5.5833335,-10.216666,-4.8,-5.416667,0.0,1.0,2.0,2.0,0.0,0.0,4,4,3,4,4,4,1.8333334,3.6166668,3.75,1.5,2.5
24,2,O,Y,Y,Y,3,5,Al Sailiya,32,MIDLE_UP,11.937214,0.52380943,-2.1481485,2.5476189,2.4933338,11.0,6.566667,4.4333334,-11.999999,-5.4333334,-6.566667,1.0,1.0,3.0,3.0,0.0,0.0,5,5,1,1,6,5,Al Sadd,42,TOP_TABLE,15.797152,2.2512817,3.3888893,0.6538458,2.5625,13.150001,6.216666,6.9333334,-8.849999,-3.7833335,-5.066667,1.0,1.0,3.0,3.0,0.0,0.0,5,7,4,2,2,3,4.45,4.0,1.595,1.53,2.4
24,2,U,Y,N,N,1,1,Al Arabi,34,MIDLE_UP,12.67609,-1.8599997,3.2903223,0.5714283,-1.5625,11.785715,7.466667,4.3190475,-11.214285,-3.5333333,-7.680952,0.0,1.0,2.0,3.0,0.0,0.0,7,3,2,2,2,7,Umm Salal,35,MIDLE_UP,24.834023,3.1875,-1.787878,1.1935482,0.79999924,12.349999,6.0,6.3500004,-8.650001,-5.0,-3.65,0.0,1.0,2.0,3.0,0.0,0.0,3,5,7,4,2,2,2.35,3.375,2.625,1.67,2.15
24,2,U,Y,N,N,1,2,Al Mesaimeer,5,BOTTOM_TABLE,-32.779293,-2.7999992,-2.282608,9.75,-2.7647057,3.6023812,1.7,1.902381,-19.39762,-9.299999,-10.09762,0.0,1.0,2.0,3.0,0.0,0.0,1,0,1,1,9,11,Al Ahli,28,MIDLE_DOWN,7.093358,2.8600001,2.787879,-1.5476191,3.1578946,10.566667,5.75,4.8166666,-12.433333,-6.25,-6.1833334,1.0,1.0,3.0,2.0,0.0,0.0,5,2,2,5,5,4,7.25,4.54,1.335,1.57,2.35
24,X,U,Y,N,Y,1,2,Al Kharitiyath,23,BOTTOM_TABLE,2.6057057,1.3636363,-2.3888888,1.4285715,-1.4933333,9.916667,5.4833336,4.4333334,-13.083334,-4.516667,-8.566667,1.0,1.0,3.0,3.0,0.0,0.0,4,2,2,3,4,8,Al Khor,28,MIDLE_DOWN,19.4887,3.7999992,-2.3421059,2.59091,-2.1578941,8.233334,5.416667,2.8166666,-11.766667,-6.583333,-5.1833334,1.0,0.0,2.0,1.0,0.0,0.0,5,3,1,3,6,5,1.7666668,2.5666668,2.2666667,1.0,1.0
25,X,O,Y,Y,Y,3,4,Al Khor,29,MIDLE_DOWN,20.271309,0.78260803,3.7999992,-2.3421059,2.59091,8.733334,5.416667,3.3166666,-12.266667,-6.583333,-5.6833334,1.0,0.0,2.0,1.0,0.0,0.0,5,3,1,4,6,5,Al Sailiya,32,MIDLE_UP,10.499119,-1.4380951,0.52380943,-2.1481485,2.5476189,11.4,6.966667,4.4333334,-12.599999,-6.0333333,-6.566667,1.0,1.0,3.0,3.0,0.0,0.0,5,5,1,1,7,5,2.5166667,3.45,2.4166667,1.7,2.1
25,1,O,N,N,N,0,3,Al Kharitiyath,24,BOTTOM_TABLE,3.823097,1.2173913,1.3636363,-2.3888888,1.4285715,10.416667,5.9833336,4.4333334,-13.583334,-5.016667,-8.566667,1.0,1.0,3.0,3.0,0.0,0.0,4,2,3,3,4,8,Al Wakrah,29,MIDLE_DOWN,7.7007036,3.5769234,-2.1875,3.282609,-2.5964913,11.083334,6.166667,4.916667,-12.916666,-5.8333335,-7.0833335,1.0,1.0,2.0,3.0,0.0,0.0,6,3,0,2,6,7,1.9233333,3.8,3.1499999,1.53,2.4
25,2,O,Y,Y,Y,3,4,Al Gharafa,34,MIDLE_UP,15.046387,3.301075,0.636364,3.148148,1.3461537,11.450001,5.2000003,6.25,-10.549999,-4.8,-5.7500005,0.0,1.0,2.0,2.0,0.0,0.0,4,5,3,4,4,4,Qatar SC,23,BOTTOM_TABLE,16.997643,1.954545,1.4761906,3.0,-1.590909,9.833334,6.0833335,3.75,-12.166667,-5.9166665,-6.25,1.0,0.0,3.0,2.0,0.0,0.0,4,1,4,4,5,6,2.0666666,3.6833334,2.8666668,1.48,2.6
25,X,U,N,N,N,0,0,Al Mesaimeer,5,BOTTOM_TABLE,-35.600723,-2.8214302,-2.7999992,-2.282608,9.75,3.6023812,1.7,1.902381,-20.39762,-10.299999,-10.09762,0.0,1.0,2.0,3.0,0.0,0.0,1,0,1,1,10,11,Al Arabi,34,MIDLE_UP,10.647518,-2.028572,-1.8599997,3.2903223,0.5714283,11.785715,7.466667,4.3190475,-12.214285,-4.5333333,-7.680952,0.0,1.0,2.0,3.0,0.0,0.0,7,3,2,2,3,7,6.425,4.425,1.415,1.48,2.6
25,2,O,Y,N,Y,1,3,Umm Salal,38,MIDLE_UP,27.862595,3.028572,3.1875,-1.787878,1.1935482,13.349999,6.0,7.3500004,-8.650001,-5.0,-3.65,0.0,1.0,2.0,2.0,0.0,0.0,3,6,7,4,2,2,El Jaish,44,TOP_TABLE,16.372103,0.045454025,2.8583345,-2.2903223,-7.75,13.580954,8.947619,4.633333,-9.419047,-3.0523808,-6.366667,1.0,0.0,3.0,2.0,0.0,0.0,8,5,4,1,1,5,2.79,3.6333332,2.2066667,1.8,2.045
25,2,O,Y,Y,Y,4,9,Lekhwiya,41,TOP_TABLE,23.735292,-2.5769234,-1.2512817,3.3421059,0.8064518,13.483333,7.05,6.4333334,-10.516667,-3.9499998,-6.5666666,1.0,1.0,4.0,2.0,0.0,0.0,6,7,1,1,4,5,Al Ahli,31,MIDLE_DOWN,10.914786,3.8214283,2.8600001,2.787879,-1.5476191,11.566667,5.75,5.8166666,-12.433333,-6.25,-6.1833334,1.0,1.0,3.0,2.0,0.0,0.0,5,3,2,5,5,4,1.4266666,3.9399998,5.7000003,1.445,2.79
25,X,O,N,N,Y,0,4,Al Sadd,45,TOP_TABLE,18.235247,2.438095,2.2512817,3.3888893,0.6538458,13.750001,6.216666,7.5333333,-9.249999,-3.7833335,-5.466667,1.0,2.0,3.0,3.0,0.0,0.0,5,8,4,2,2,3,Al Rayyan,61,TOP_TABLE,55.494926,-2.301075,-1.8583336,-1.0,3.5964928,17.964287,8.880952,9.083333,-5.035714,-3.1190476,-1.9166667,1.0,1.0,3.0,3.0,0.0,0.0,10,10,1,0,2,1,2.5,3.6333332,2.36,1.4,2.85
26,1,O,Y,N,Y,1,3,Lekhwiya,41,TOP_TABLE,22.301601,-1.433691,-2.5769234,-1.2512817,3.3421059,13.927777,7.494445,6.4333334,-11.072223,-4.505555,-6.5666666,1.0,1.0,5.0,2.0,0.0,0.0,6,7,1,1,5,5,Al Mesaimeer,6,BOTTOM_TABLE,-28.800724,6.799999,-2.8214302,-2.7999992,-2.282608,3.6023812,1.7,1.902381,-20.39762,-10.299999,-10.09762,0.0,1.0,2.0,3.0,0.0,0.0,1,0,2,1,10,11,1.1,9.416667,15.333333,1.235,3.9499998
26,X,U,N,N,Y,0,2,Al Wakrah,29,MIDLE_DOWN,5.49237,-2.2083335,3.5769234,-2.1875,3.282609,11.083334,6.166667,4.916667,-13.916666,-5.8333335,-8.083334,1.0,1.0,2.0,3.0,0.0,0.0,6,3,0,2,6,8,Qatar SC,26,BOTTOM_TABLE,19.975903,2.97826,1.954545,1.4761906,3.0,10.583334,6.0833335,4.5,-12.416667,-5.9166665,-6.5,1.0,1.0,3.0,2.0,0.0,0.0,4,2,4,4,5,6,3.8666668,3.8666668,1.6999999,1.4,2.88
26,X,O,Y,N,Y,1,4,Al Sadd,46,TOP_TABLE,19.590801,1.3555546,2.438095,2.2512817,3.3888893,14.250001,6.716666,7.5333333,-9.749999,-4.283334,-5.466667,1.0,2.0,3.0,3.0,0.0,0.0,5,8,5,2,2,3,El Jaish,47,TOP_TABLE,18.8418,2.469698,0.045454025,2.8583345,-2.2903223,14.247621,8.947619,5.2999997,-9.75238,-3.0523808,-6.7000003,1.0,0.0,3.0,2.0,0.0,0.0,8,6,4,1,1,5,2.1475,3.5375,2.9375,1.57,2.42
26,2,O,Y,Y,Y,2,5,Al Kharitiyath,27,BOTTOM_TABLE,7.0314302,3.2083333,1.2173913,1.3636363,-2.3888888,11.416667,6.9833336,4.4333334,-13.583334,-5.016667,-8.566667,1.0,1.0,3.0,3.0,0.0,0.0,5,2,3,3,4,8,Umm Salal,38,MIDLE_UP,26.392899,-1.469696,3.028572,3.1875,-1.787878,13.683332,6.3333335,7.3500004,-9.316668,-5.6666665,-3.65,0.0,1.0,2.0,2.0,0.0,0.0,3,6,7,4,3,2,1.7066666,3.8833332,3.7833335,1.62,2.25
26,2,U,N,N,N,0,1,Al Gharafa,34,MIDLE_UP,13.068126,-1.978261,3.301075,0.636364,3.148148,11.700001,5.4500003,6.25,-11.299999,-5.55,-5.7500005,1.0,1.0,2.0,2.0,0.0,0.0,4,5,3,4,5,4,Al Khor,30,MIDLE_DOWN,21.374758,1.1034489,0.78260803,3.7999992,-2.3421059,9.233334,5.916667,3.3166666,-12.766667,-7.083333,-5.6833334,1.0,0.0,2.0,1.0,0.0,0.0,5,3,2,4,6,5,1.8466667,3.7166665,3.3833332,1.57,2.35
26,2,O,Y,Y,Y,3,3,Al Arabi,35,MIDLE_UP,5.847518,-4.8,-2.028572,-1.8599997,3.2903223,11.785715,7.466667,4.3190475,-12.214285,-4.5333333,-7.680952,0.0,1.0,2.0,3.0,0.0,0.0,7,3,2,3,3,7,Al Sailiya,33,MIDLE_DOWN,11.395671,0.8965521,-1.4380951,0.52380943,-2.1481485,11.9,6.966667,4.9333334,-13.099999,-6.0333333,-7.066667,1.0,1.0,3.0,3.0,0.0,0.0,5,5,1,2,7,5,2.4333334,3.5,2.4266667,1.57,2.35
26,1,O,Y,Y,Y,2,5,Al Ahli,34,MIDLE_UP,13.348478,2.433692,3.8214283,2.8600001,2.787879,12.122222,5.75,6.372222,-12.877778,-6.25,-6.627778,1.0,1.0,3.0,3.0,0.0,0.0,5,4,2,5,5,4,Al Rayyan,62,TOP_TABLE,56.13937,0.6444435,-2.301075,-1.8583336,-1.0,18.464287,8.880952,9.583333,-5.535714,-3.1190476,-2.4166667,1.0,1.0,3.0,3.0,0.0,0.0,10,10,1,1,2,1,3.993333,4.066667,1.64,1.33,3.4
