week,headOutcome,scoreOutcome,ht1pOutcome,ht2pOutcome,ggOutcome,totHtScore,totFtScore,t1,t1Points,t1Classification,t1Form,t1Form1Diff,t1Form2Diff,t1Form3Diff,t1Form4Diff,t1Atack,t1AtackIn,t1AtackOut,t1Defense,t1DefenseIn,t1DefenseOut,t1AvgHtScoreIn,t1AvgHtScoreOut,t1AvgFtScoreIn,t1AvgFtScoreOut,t1AvgHtGgResult,t1AvgFtGgResult,t1WinsIn,t1WinsOut,t1DrawsIn,t1DrawsOut,t1LosesIn,t1LosesOut,t2,t2Points,t2Classification,t2Form,t2Form1Diff,t2Form2Diff,t2Form3Diff,t2Form4Diff,t2Atack,t2AtackIn,t2AtackOut,t2Defense,t2DefenseIn,t2DefenseOut,t2AvgHtScoreIn,t2AvgHtScoreOut,t2AvgFtScoreIn,t2AvgFtScoreOut,t2AvgHtGgResult,t2AvgFtGgResult,t2WinsIn,t2WinsOut,t2DrawsIn,t2DrawsOut,t2LosesIn,t2LosesOut,bet_1,bet_X,bet_2,bet_O,bet_U
5,1,O,Y,Y,Y,2,7,Mlada Boleslav,4,MIDLE_DOWN,1.3333335,-1.3333333,1.0,3.0,-1.3333333,2.1666667,1.3333334,0.8333334,-1.8333335,-0.6666667,-1.1666667,1.0,2.0,4.0,5.0,0.0,0.0,1,0,0,1,1,1,Zlin,9,TOP_TABLE,7.0,3.0,-2.0,3.0,3.0,3.0,2.0,1.0,-1.0,0.0,-1.0,1.0,1.0,1.0,2.0,0.0,0.0,2,1,0,0,0,1,1.36,4.75,8.0,1.7,2.1
5,2,O,Y,Y,Y,2,3,Vyso?ina Jihlava,4,MIDLE_DOWN,0.0,-2.0,3.0,-2.0,1.0,1.0,1.0,0.0,-2.0,0.0,-2.0,0.0,1.0,0.0,2.0,0.0,0.0,1,0,1,0,0,2,Slovacko,7,TOP_TABLE,3.4761906,2.3333335,1.0,-2.0,2.142857,1.7380953,1.2380953,0.5,-2.2619047,-0.7619048,-1.5,1.0,1.0,5.0,3.0,0.0,0.0,2,0,0,1,0,1,2.4,3.6,2.7,1.65,2.2
5,X,U,Y,N,Y,1,2,Bohemians 1905,3,BOTTOM_TABLE,1.0,1.0,1.0,1.0,-2.0,1.5,0.5,1.0,-2.5,-1.5,-1.0,1.0,2.0,1.0,4.0,0.0,0.0,0,0,1,2,1,0,P?ibram,6,MIDLE_UP,2.1666665,-1.3333333,2.1999998,2.5,-1.2,2.0833333,1.0,1.0833334,-1.9166667,-1.0,-0.9166667,2.0,0.0,5.0,3.0,0.0,1.0,1,1,0,0,1,1,2.6,3.4,2.6,2.2,1.65
5,2,O,Y,Y,Y,2,4,Banik Ostrava,1,BOTTOM_TABLE,-3.8333333,-2.0,1.0,-1.5,-1.3333333,1.0833334,0.5,0.5833334,-2.9166667,-0.5,-2.4166667,3.0,1.0,4.0,3.0,0.0,0.0,0,0,1,0,0,3,Slavia Praha,4,MIDLE_DOWN,0.66666675,3.0,-2.0,1.0,-1.3333333,1.8333334,1.5,0.33333334,-2.1666667,-0.5,-1.6666667,2.0,1.0,4.0,2.0,0.0,0.0,1,0,1,0,0,2,2.7,3.3,2.55,2.0,1.8
5,2,O,Y,Y,N,2,3,Zbrojovka Brno,7,MIDLE_UP,4.3333335,1.0,3.0,-2.0,2.3333335,2.1666667,1.6666667,0.5,-1.8333334,-0.33333334,-1.5,1.0,0.0,2.0,2.0,0.0,0.0,2,0,0,1,0,1,Jablonec,5,MIDLE_DOWN,2.1999998,1.0,-2.0,1.0,2.1999998,1.6,1.0,0.6,-2.4,-1.0,-1.4,1.0,2.0,3.0,3.0,0.0,0.0,0,1,2,0,0,1,4.33,3.4,1.85,2.05,1.75
5,1,U,Y,N,N,1,2,Slovan Liberec,6,MIDLE_UP,5.3333335,1.0,1.0,1.0,2.3333335,2.1666667,1.1666667,1.0,-1.8333334,-0.8333334,-1.0,1.0,2.0,4.0,3.0,0.0,1.0,1,0,1,2,0,0,Teplice,5,MIDLE_UP,3.8,1.0,-1.2,3.0,1.0,2.4,2.0,0.4,-1.6,-1.0,-0.6,1.0,2.0,3.0,5.0,0.0,0.0,1,0,2,0,0,1,1.91,3.4,4.0,1.67,2.15
5,1,U,N,N,N,0,2,Viktoria Plze?,5,MIDLE_DOWN,2.3333335,1.0,1.0,-2.0,2.3333335,1.6666667,1.1666667,0.5,-2.3333335,-0.8333334,-1.5,1.0,1.0,3.0,2.0,0.0,0.0,1,0,1,1,0,1,Sigma Olomouc,3,BOTTOM_TABLE,1.5,1.0,1.0,-1.5,1.0,1.75,0.75,1.0,-2.25,-1.25,-1.0,0.0,1.0,3.0,3.0,0.0,1.0,0,0,1,2,1,0,1.2,6.5,13.0,1.55,2.38
5,1,U,Y,N,N,1,2,Sparta Praha,10,TOP_TABLE,8.833334,2.333334,3.0,2.5,1.0,2.4166667,1.75,0.6666667,-0.5833334,-0.25,-0.33333334,1.0,1.0,3.0,3.0,0.0,0.0,2,1,0,1,0,0,Dukla Praha,5,MIDLE_DOWN,3.857143,1.0,1.0,3.0,-1.1428571,2.4285715,1.5,0.92857146,-1.5714285,-0.5,-1.0714285,1.0,1.0,2.0,4.0,0.0,0.0,1,0,1,1,0,1,1.3,5.0,9.5,1.45,2.67
6,1,O,Y,N,Y,1,3,Zlin,9,TOP_TABLE,4.3214283,-2.6785717,3.0,-2.0,3.0,3.2857144,2.0,1.2857143,-1.7142857,0.0,-1.7142857,1.0,1.0,1.0,3.0,0.0,0.0,2,1,0,0,0,2,Zbrojovka Brno,7,MIDLE_DOWN,1.9333334,-2.4,1.0,3.0,-2.0,2.1666667,1.6666667,0.5,-2.8333335,-1.3333334,-1.5,1.0,0.0,2.0,2.0,0.0,0.0,2,0,0,1,1,1,2.1,3.2,3.6,2.1,1.7
6,1,O,Y,N,Y,1,3,Teplice,5,MIDLE_DOWN,1.6333334,-2.1666665,1.0,-1.2,3.0,2.4,2.0,0.4,-2.6,-1.0,-1.6,1.0,1.0,3.0,3.0,0.0,0.0,1,0,2,0,0,2,Bohemians 1905,4,MIDLE_DOWN,3.0,2.0,1.0,1.0,1.0,2.0,1.0,1.0,-3.0,-2.0,-1.0,1.0,2.0,1.0,4.0,0.0,0.0,0,0,2,2,1,0,1.53,4.0,6.0,2.05,1.75
6,2,O,Y,Y,Y,2,3,Slovacko,10,TOP_TABLE,6.2380953,2.7619047,2.3333335,1.0,-2.0,2.404762,1.2380953,1.1666667,-2.595238,-0.7619048,-1.8333334,1.0,1.0,5.0,3.0,0.0,0.0,2,1,0,1,0,1,Slovan Liberec,9,TOP_TABLE,8.5,3.1666665,1.0,1.0,1.0,3.1666667,2.1666667,1.0,-1.8333334,-0.8333334,-1.0,1.0,2.0,3.0,3.0,0.0,0.0,2,0,1,2,0,0,3.25,3.25,2.2,1.7,2.1
6,1,O,N,N,Y,0,3,Sigma Olomouc,3,BOTTOM_TABLE,-0.9000001,-2.4,1.0,1.0,-1.5,1.75,0.75,1.0,-3.25,-1.25,-2.0,0.0,1.0,3.0,2.0,0.0,0.0,0,0,1,2,1,1,Vyso?ina Jihlava,4,BOTTOM_TABLE,-1.7619047,-1.7619047,-2.0,3.0,-2.0,1.3333334,1.3333334,0.0,-2.6666667,-0.6666667,-2.0,1.0,1.0,1.0,2.0,0.0,0.0,1,0,1,0,1,2,1.7,3.75,4.75,2.0,1.8
6,X,U,N,N,Y,0,2,Slavia Praha,7,MIDLE_UP,3.9166667,3.25,3.0,-2.0,1.0,2.5833335,1.5,1.0833334,-2.4166667,-0.5,-1.9166667,2.0,1.0,4.0,2.0,0.0,0.0,1,1,1,0,0,2,Mlada Boleslav,7,MIDLE_DOWN,5.0119047,3.6785712,-1.3333333,1.0,3.0,2.8809524,2.047619,0.8333334,-2.1190479,-0.952381,-1.1666667,1.0,2.0,5.0,5.0,0.0,0.0,2,0,0,1,1,1,2.63,3.3,2.6,1.75,2.05
6,X,U,N,N,Y,0,2,Jablonec,8,TOP_TABLE,5.6,3.4,1.0,-2.0,1.0,2.6,1.0,1.6,-2.4,-1.0,-1.4,1.0,2.0,3.0,3.0,0.0,0.0,0,2,2,0,0,1,Sparta Praha,13,TOP_TABLE,12.333334,3.5,2.333334,3.0,2.5,3.4166667,2.75,0.6666667,-0.5833334,-0.25,-0.33333334,1.0,1.0,3.0,3.0,0.0,0.0,3,1,0,1,0,0,2.7,3.4,2.5,1.9,1.9
6,2,O,Y,Y,N,2,4,P?ibram,7,MIDLE_UP,2.1666665,0.0,-1.3333333,2.1999998,2.5,2.5833333,1.0,1.5833334,-2.4166667,-1.0,-1.4166667,2.0,0.0,5.0,3.0,0.0,1.0,1,1,0,1,1,1,Viktoria Plze?,8,MIDLE_UP,5.7333336,3.4,1.0,1.0,-2.0,2.6666667,2.1666667,0.5,-2.3333335,-0.8333334,-1.5,1.0,1.0,3.0,2.0,0.0,0.0,2,0,1,1,0,1,5.0,4.0,1.62,1.65,2.2
6,1,O,Y,Y,Y,3,5,Dukla Praha,5,MIDLE_DOWN,1.3571429,-2.5,1.0,1.0,3.0,2.4285715,1.5,0.92857146,-2.5714285,-0.5,-2.0714285,1.0,1.0,2.0,3.0,0.0,0.0,1,0,1,1,0,2,Banik Ostrava,1,BOTTOM_TABLE,-6.083333,-2.2499998,-2.0,1.0,-1.5,1.3333334,0.75,0.5833334,-3.6666667,-1.25,-2.4166667,2.0,1.0,4.0,3.0,0.0,0.0,0,0,1,0,1,3,1.25,5.5,11.0,1.75,2.05
7,X,O,Y,N,Y,1,4,Vyso?ina Jihlava,4,BOTTOM_TABLE,-3.4285715,-1.6666667,-1.7619047,-2.0,3.0,1.6666667,1.3333334,0.33333334,-3.3333335,-0.6666667,-2.6666667,1.0,1.0,1.0,2.0,0.0,0.0,1,0,1,0,1,3,Dukla Praha,8,MIDLE_UP,4.757143,3.4,-2.5,1.0,1.0,3.2285714,2.3,0.92857146,-2.7714286,-0.7,-2.0714285,1.0,1.0,3.0,3.0,0.0,0.0,2,0,1,1,0,2,2.8,3.4,2.4,2.02,1.77
7,2,U,N,N,N,0,2,Zlin,12,TOP_TABLE,6.876984,2.5555558,-2.6785717,3.0,-2.0,3.9523811,2.6666667,1.2857143,-2.047619,-0.33333334,-1.7142857,1.0,1.0,2.0,3.0,0.0,0.0,3,1,0,0,0,2,Slavia Praha,8,MIDLE_UP,4.916667,1.0000002,3.25,3.0,-2.0,3.0833335,2.0,1.0833334,-2.9166667,-1.0,-1.9166667,1.0,1.0,3.0,2.0,0.0,0.0,1,1,2,0,0,2,2.8,3.2,2.55,2.2,1.65
7,1,U,N,N,N,0,2,Zbrojovka Brno,7,MIDLE_DOWN,0.3777778,-1.5555556,-2.4,1.0,3.0,2.5,1.6666667,0.8333334,-3.5000002,-1.3333334,-2.1666667,1.0,0.0,2.0,2.0,0.0,0.0,2,0,0,1,1,2,Slovacko,10,TOP_TABLE,4.7936506,-1.4444447,2.7619047,2.3333335,1.0,2.7380953,1.5714287,1.1666667,-3.2619047,-1.4285715,-1.8333334,1.0,1.0,4.0,3.0,0.0,0.0,2,1,0,1,1,1,2.2,3.2,3.25,2.15,1.67
7,2,O,Y,N,Y,1,3,Banik Ostrava,1,BOTTOM_TABLE,-8.483333,-2.3999996,-2.2499998,-2.0,1.0,1.5333334,0.75,0.78333336,-4.4666667,-1.25,-3.2166667,2.0,1.0,4.0,3.0,0.0,0.0,0,0,1,0,1,4,Jablonec,9,MIDLE_UP,7.225,1.625,3.4,1.0,-2.0,3.1,1.5,1.6,-2.9,-1.5,-1.4,1.0,2.0,2.0,3.0,0.0,0.0,0,2,3,0,0,1,8.0,4.5,1.4,1.65,2.2
7,1,O,Y,Y,Y,3,7,Mlada Boleslav,8,MIDLE_DOWN,6.0119047,1.0,3.6785712,-1.3333333,1.0,3.3809524,2.047619,1.3333334,-2.6190479,-0.952381,-1.6666667,1.0,1.0,5.0,4.0,0.0,0.0,2,0,0,2,1,1,Teplice,8,MIDLE_DOWN,4.166667,2.5333335,-2.1666665,1.0,-1.2,3.0666668,2.6666667,0.4,-2.9333332,-1.3333334,-1.6,1.0,1.0,3.0,3.0,0.0,0.0,2,0,2,0,0,2,1.62,3.75,5.5,1.73,2.08
7,2,U,N,N,N,0,1,Bohemians 1905,4,BOTTOM_TABLE,1.4666667,-1.5333333,2.0,1.0,1.0,2.3333333,1.0,1.3333334,-3.6666667,-2.0,-1.6666667,1.0,1.0,1.0,3.0,0.0,0.0,0,0,2,2,1,1,Viktoria Plze?,11,TOP_TABLE,8.858334,3.125,3.4,1.0,1.0,3.6666667,2.1666667,1.5,-2.3333335,-0.8333334,-1.5,1.0,1.0,3.0,3.0,0.0,0.0,2,1,1,1,0,1,6.5,4.5,1.44,1.57,2.35
7,1,O,Y,Y,N,3,4,Sparta Praha,14,TOP_TABLE,12.708334,0.375,3.5,2.333334,3.0,3.9166667,2.75,1.1666667,-1.0833334,-0.25,-0.8333334,1.0,0.0,3.0,2.0,0.0,0.0,3,1,0,2,0,0,Sigma Olomouc,6,MIDLE_DOWN,1.7666667,2.6666667,-2.4,1.0,1.0,2.4166667,1.4166667,1.0,-3.5833333,-1.5833334,-2.0,0.0,1.0,3.0,2.0,0.0,0.0,1,0,1,2,1,1,1.2,6.0,13.0,1.5,2.5
7,1,O,Y,N,N,1,3,Slovan Liberec,12,TOP_TABLE,10.944445,2.4444447,3.1666665,1.0,1.0,3.8333335,2.1666667,1.6666667,-2.1666667,-0.8333334,-1.3333334,1.0,2.0,3.0,3.0,0.0,0.0,2,1,1,2,0,0,P?ibram,7,MIDLE_DOWN,0.041666508,-2.125,0.0,-1.3333333,2.1999998,2.5833333,1.0,1.5833334,-3.4166667,-2.0,-1.4166667,2.0,0.0,4.0,3.0,0.0,0.0,1,1,0,1,2,1,1.55,4.2,5.5,1.75,2.05
8,2,O,Y,N,Y,1,3,Jablonec,12,TOP_TABLE,10.447222,3.2222219,1.625,3.4,1.0,3.7666667,1.5,2.2666667,-3.2333333,-1.5,-1.7333333,1.0,1.0,2.0,3.0,0.0,0.0,0,3,3,0,0,1,Mlada Boleslav,11,MIDLE_UP,8.154762,2.1428576,1.0,3.6785712,-1.3333333,3.952381,2.6190476,1.3333334,-3.0476193,-1.3809525,-1.6666667,1.0,1.0,5.0,4.0,0.0,0.0,3,0,0,2,1,1,1.67,3.75,5.0,1.65,2.2
8,1,U,N,N,N,0,1,Teplice,8,MIDLE_DOWN,3.02381,-1.1428571,2.5333335,-2.1666665,1.0,3.4952383,2.6666667,0.82857144,-3.5047617,-1.3333334,-2.1714287,1.0,2.0,3.0,4.0,0.0,0.0,2,0,2,0,0,3,Banik Ostrava,1,BOTTOM_TABLE,-10.705555,-2.2222223,-2.3999996,-2.2499998,-2.0,1.8666668,1.0833334,0.78333336,-5.133333,-1.9166667,-3.2166667,2.0,1.0,3.0,3.0,0.0,0.0,0,0,1,0,2,4,1.45,4.2,7.0,1.65,2.2
8,1,U,Y,N,N,1,1,Slovacko,10,MIDLE_UP,2.3650792,-2.4285715,-1.4444447,2.7619047,2.3333335,2.7380953,1.5714287,1.1666667,-4.2619047,-1.4285715,-2.8333335,1.0,1.0,4.0,2.0,0.0,0.0,2,1,0,1,1,2,Bohemians 1905,4,BOTTOM_TABLE,-1.1696968,-2.6363635,-1.5333333,2.0,1.0,2.3333333,1.0,1.3333334,-4.666667,-3.0,-1.6666667,1.0,1.0,1.0,3.0,0.0,0.0,0,0,2,2,2,1,2.05,3.8,3.2,1.85,1.95
8,X,U,N,N,Y,0,2,Sigma Olomouc,6,MIDLE_DOWN,-0.8047619,-2.5714285,2.6666667,-2.4,1.0,2.4166667,1.4166667,1.0,-4.583333,-1.5833334,-3.0,0.0,1.0,3.0,3.0,0.0,0.0,1,0,1,2,1,2,Zlin,12,TOP_TABLE,4.376984,-2.5,2.5555558,-2.6785717,3.0,3.9523811,2.6666667,1.2857143,-3.047619,-1.3333334,-1.7142857,0.0,1.0,2.0,3.0,0.0,0.0,3,1,0,0,1,2,1.8,3.4,4.75,2.0,1.8
8,1,O,Y,Y,Y,3,5,P?ibram,7,MIDLE_DOWN,-2.375,-2.4166665,-2.125,0.0,-1.3333333,2.5833333,1.0,1.5833334,-4.416667,-2.0,-2.4166667,2.0,0.0,4.0,3.0,0.0,0.0,1,1,0,1,2,2,Vyso?ina Jihlava,5,BOTTOM_TABLE,-1.4285715,2.0,-1.6666667,-1.7619047,-2.0,2.1666667,1.8333334,0.33333334,-3.8333335,-1.1666667,-2.6666667,1.0,1.0,2.0,2.0,0.0,0.0,1,0,2,0,1,3,1.75,3.4,4.75,2.05,1.75
8,2,O,Y,N,Y,1,3,Dukla Praha,9,MIDLE_DOWN,4.757143,0.0,3.4,-2.5,1.0,3.7285714,2.3,1.4285715,-3.2714286,-0.7,-2.5714285,1.0,1.0,3.0,3.0,0.0,0.0,2,0,1,2,0,2,Zbrojovka Brno,10,MIDLE_DOWN,3.8063493,3.4285715,-1.5555556,-2.4,1.0,3.5,2.6666667,0.8333334,-3.5000002,-1.3333334,-2.1666667,1.0,0.0,2.0,2.0,0.0,0.0,3,0,0,1,1,2,1.4,4.2,8.5,1.8,2.0
8,1,O,N,N,Y,0,3,Viktoria Plze?,14,TOP_TABLE,12.494698,3.636364,3.125,3.4,1.0,4.666667,2.1666667,2.5,-2.3333335,-0.8333334,-1.5,1.0,1.0,3.0,2.0,0.0,0.0,2,2,1,1,0,1,Slovan Liberec,15,TOP_TABLE,14.361112,3.416667,2.4444447,3.1666665,1.0,4.8333335,3.1666667,1.6666667,-2.1666667,-0.8333334,-1.3333334,1.0,2.0,3.0,3.0,0.0,0.0,3,1,1,2,0,0,1.4,4.75,7.0,1.63,2.25
8,1,U,Y,N,N,1,1,Slavia Praha,11,MIDLE_UP,8.416667,3.5,1.0000002,3.25,3.0,4.0833335,2.0,2.0833335,-2.9166667,-1.0,-1.9166667,1.0,1.0,3.0,2.0,0.0,0.0,1,2,2,0,0,2,Sparta Praha,17,TOP_TABLE,16.279762,3.5714283,0.375,3.5,2.333334,4.916667,3.75,1.1666667,-1.0833334,-0.25,-0.8333334,1.0,0.0,3.0,2.0,0.0,0.0,4,1,0,2,0,0,5.5,4.0,1.57,1.85,1.95
9,1,U,Y,N,N,1,1,Banik Ostrava,1,BOTTOM_TABLE,-13.580555,-2.875,-2.2222223,-2.3999996,-2.2499998,1.8666668,1.0833334,0.78333336,-6.133333,-1.9166667,-4.2166667,2.0,1.0,3.0,3.0,0.0,0.0,0,0,1,0,2,5,Sigma Olomouc,7,MIDLE_DOWN,1.1952381,2.0,-2.5714285,2.6666667,-2.4,2.9166667,1.9166667,1.0,-5.083333,-2.0833335,-3.0,0.0,1.0,2.0,3.0,0.0,0.0,1,0,2,2,1,2,2.88,3.2,2.45,2.2,1.65
9,2,O,Y,Y,N,2,4,Zbrojovka Brno,13,MIDLE_UP,6.2396827,2.4333334,3.4285715,-1.5555556,-2.4,4.1666665,2.6666667,1.5,-3.8333335,-1.3333334,-2.5,1.0,0.0,2.0,2.0,0.0,0.0,3,1,0,1,1,2,Teplice,11,MIDLE_DOWN,6.89881,3.875,-1.1428571,2.5333335,-2.1666665,4.4952383,3.6666667,0.82857144,-3.5047617,-1.3333334,-2.1714287,1.0,2.0,2.0,4.0,0.0,0.0,3,0,2,0,0,3,2.3,3.4,3.0,2.25,1.63
9,1,O,Y,Y,N,2,4,Mlada Boleslav,14,TOP_TABLE,10.579004,2.424242,2.1428576,1.0,3.6785712,4.6190476,2.6190476,2.0,-3.3809526,-1.3809525,-2.0,1.0,1.0,5.0,3.0,0.0,0.0,3,1,0,2,1,1,P?ibram,10,MIDLE_DOWN,0.5107143,2.8857143,-2.4166665,-2.125,0.0,3.3833332,1.8,1.5833334,-4.616667,-2.2,-2.4166667,2.0,0.0,4.0,3.0,0.0,0.0,2,1,0,1,2,2,1.36,4.75,7.5,1.57,2.35
9,X,O,Y,Y,Y,3,4,Zlin,13,MIDLE_UP,4.376984,0.0,-2.5,2.5555558,-2.6785717,4.452381,2.6666667,1.7857143,-3.547619,-1.3333334,-2.2142859,0.0,1.0,2.0,3.0,0.0,0.0,3,1,0,1,1,2,Jablonec,12,MIDLE_UP,9.02298,-1.424242,3.2222219,1.625,3.4,4.1,1.8333334,2.2666667,-3.9,-2.1666667,-1.7333333,1.0,1.0,2.0,3.0,0.0,0.0,0,3,3,0,1,1,4.2,3.75,1.8,2.15,1.67
9,X,U,Y,N,Y,1,2,Slavia Praha,14,TOP_TABLE,11.962122,3.545455,3.5,1.0000002,3.25,5.0833335,3.0,2.0833335,-2.9166667,-1.0,-1.9166667,1.0,1.0,2.0,2.0,0.0,0.0,2,2,2,0,0,2,Dukla Praha,9,MIDLE_DOWN,3.3238096,-1.4333334,0.0,3.4,-2.5,4.061905,2.6333332,1.4285715,-3.9380953,-1.3666667,-2.5714285,1.0,1.0,3.0,3.0,0.0,0.0,2,0,1,2,1,2,2.38,3.2,3.0,2.05,1.75
9,2,O,N,N,Y,0,6,Vyso?ina Jihlava,5,BOTTOM_TABLE,-3.3142858,-1.8857143,2.0,-1.6666667,-1.7619047,2.3666668,1.8333334,0.53333336,-4.6333337,-1.1666667,-3.4666667,1.0,1.0,2.0,3.0,0.0,0.0,1,0,2,0,1,4,Viktoria Plze?,17,TOP_TABLE,14.89946,2.4047623,3.636364,3.125,3.4,5.3333335,2.8333335,2.5,-2.6666667,-1.1666667,-1.5,0.0,1.0,3.0,2.0,0.0,0.0,3,2,1,1,0,1,8.0,4.0,1.44,1.68,2.15
9,1,O,Y,Y,N,2,4,Sparta Praha,17,TOP_TABLE,13.734308,-2.545454,3.5714283,0.375,3.5,4.916667,3.75,1.1666667,-2.0833335,-0.25,-1.8333334,1.0,0.0,3.0,2.0,0.0,0.0,4,1,0,2,0,1,Slovacko,13,MIDLE_UP,5.9650793,3.6000001,-2.4285715,-1.4444447,2.7619047,3.7380953,2.5714288,1.1666667,-4.2619047,-1.4285715,-2.8333335,1.0,1.0,3.0,2.0,0.0,0.0,3,1,0,1,1,2,1.14,7.5,19.0,1.32,3.2
9,1,O,Y,Y,Y,2,4,Slovan Liberec,15,TOP_TABLE,12.95635,-1.4047613,3.416667,2.4444447,3.1666665,5.166667,3.1666667,2.0,-2.8333335,-0.8333334,-2.0,1.0,1.0,3.0,3.0,0.0,0.0,3,1,1,2,0,1,Bohemians 1905,4,BOTTOM_TABLE,-3.7696967,-2.6,-2.6363635,-1.5333333,2.0,2.3333333,1.0,1.3333334,-5.666667,-3.0,-2.6666667,1.0,1.0,1.0,3.0,0.0,0.0,0,0,2,2,2,2,1.53,3.8,6.5,1.85,1.95
10,X,U,Y,N,Y,1,2,Dukla Praha,10,MIDLE_DOWN,4.879365,1.5555553,-1.4333334,0.0,3.4,4.561905,2.6333332,1.9285715,-4.438095,-1.3666667,-3.0714285,1.0,1.0,3.0,3.0,0.0,0.0,2,0,1,3,1,2,Mlada Boleslav,17,TOP_TABLE,13.864718,3.2857141,2.424242,2.1428576,1.0,5.6190476,3.6190476,2.0,-3.3809526,-1.3809525,-2.0,1.0,1.0,5.0,3.0,0.0,0.0,4,1,0,2,1,1,2.55,3.3,2.7,1.73,2.08
10,X,U,N,N,N,0,0,Jablonec,13,MIDLE_UP,10.106313,1.083333,-1.424242,3.2222219,1.625,4.6,1.8333334,2.7666667,-4.4,-2.1666667,-2.2333333,1.0,2.0,2.0,3.0,0.0,0.0,0,3,3,1,1,1,Slavia Praha,15,TOP_TABLE,12.406567,0.44444466,3.545455,3.5,1.0000002,5.5833335,3.5,2.0833335,-3.4166667,-1.5,-1.9166667,1.0,1.0,2.0,2.0,0.0,0.0,2,2,3,0,0,2,1.55,4.0,5.75,2.0,1.8
10,2,U,N,N,N,0,1,Teplice,14,MIDLE_UP,10.080628,3.1818185,3.875,-1.1428571,2.5333335,5.4952383,3.6666667,1.8285714,-3.5047617,-1.3333334,-2.1714287,1.0,2.0,2.0,4.0,0.0,0.0,3,1,2,0,0,3,Vyso?ina Jihlava,5,BOTTOM_TABLE,-5.3535013,-2.0392156,-1.8857143,2.0,-1.6666667,2.7,2.1666667,0.53333336,-5.3,-1.8333335,-3.4666667,0.0,1.0,2.0,3.0,0.0,0.0,1,0,2,0,2,4,1.53,4.0,6.0,1.7,2.1
10,1,O,Y,Y,Y,3,3,Slovacko,13,MIDLE_UP,3.7297852,-2.235294,3.6000001,-2.4285715,-1.4444447,3.7380953,2.5714288,1.1666667,-5.2619047,-1.4285715,-3.8333335,1.0,1.0,3.0,3.0,0.0,0.0,3,1,0,1,1,3,Banik Ostrava,4,BOTTOM_TABLE,-4.580555,9.0,-2.875,-2.2222223,-2.3999996,2.8666668,2.0833335,0.78333336,-6.133333,-1.9166667,-4.2166667,1.0,1.0,3.0,3.0,0.0,0.0,1,0,1,0,2,5,1.45,4.2,7.0,1.8,2.0
10,X,U,Y,N,Y,1,2,Sigma Olomouc,7,BOTTOM_TABLE,-6.804762,-8.0,2.0,-2.5714285,2.6666667,2.9166667,1.9166667,1.0,-6.083333,-2.0833335,-4.0,0.0,1.0,2.0,2.0,0.0,0.0,1,0,2,2,1,3,Slovan Liberec,18,TOP_TABLE,16.189684,3.2333336,-1.4047613,3.416667,2.4444447,5.916667,3.9166667,2.0,-3.0833335,-1.0833334,-2.0,1.0,1.0,3.0,3.0,0.0,0.0,4,1,1,2,0,1,2.3,3.4,3.0,1.8,2.0
10,X,U,N,N,Y,0,2,Bohemians 1905,4,BOTTOM_TABLE,-6.00303,-2.233333,-2.6,-2.6363635,-1.5333333,2.5833333,1.0,1.5833334,-6.416667,-3.0,-3.4166667,1.0,1.0,1.0,3.0,0.0,0.0,0,0,2,2,2,3,Zbrojovka Brno,13,MIDLE_DOWN,4.057864,-2.1818185,2.4333334,3.4285715,-1.5555556,4.1666665,2.6666667,1.5,-4.8333335,-2.3333335,-2.5,1.0,0.0,2.0,2.0,0.0,0.0,3,1,0,1,2,2,1.75,3.75,4.33,2.25,1.63
10,1,O,Y,Y,Y,2,6,Viktoria Plze?,20,TOP_TABLE,17.938675,3.039215,2.4047623,3.636364,3.125,6.0,2.8333335,3.1666667,-3.0,-1.1666667,-1.8333334,0.0,0.0,3.0,3.0,0.0,0.0,3,3,1,1,0,1,Zlin,14,MIDLE_UP,5.2936506,0.9166665,0.0,-2.5,2.5555558,4.952381,3.1666667,1.7857143,-4.047619,-1.8333334,-2.2142859,1.0,1.0,2.0,3.0,0.0,0.0,3,1,1,1,1,2,1.18,7.0,13.0,1.5,2.5
10,2,O,N,N,N,0,4,P?ibram,10,MIDLE_DOWN,-1.7749999,-2.2857141,2.8857143,-2.4166665,-2.125,3.3833332,1.8,1.5833334,-5.616667,-2.2,-3.4166667,2.0,1.0,4.0,3.0,0.0,0.0,2,1,0,1,2,3,Sparta Praha,20,TOP_TABLE,16.969603,3.2352943,-2.545454,3.5714283,0.375,5.916667,4.75,1.1666667,-2.0833335,-0.25,-1.8333334,1.0,0.0,3.0,2.0,0.0,0.0,5,1,0,2,0,1,7.0,4.0,1.5,1.65,2.2
11,2,U,Y,N,N,1,2,Slavia Praha,16,TOP_TABLE,13.252721,0.8461542,0.44444466,3.545455,3.5,5.5833335,3.5,2.0833335,-3.4166667,-1.5,-1.9166667,1.0,0.0,2.0,2.0,0.0,0.0,2,2,3,1,0,2,Sigma Olomouc,8,MIDLE_DOWN,-4.2333336,2.5714283,-8.0,2.0,-2.5714285,3.4166667,2.4166667,1.0,-6.583333,-2.5833335,-4.0,0.0,1.0,2.0,2.0,0.0,0.0,1,0,3,2,1,3,1.7,3.75,4.75,2.05,1.75
11,2,O,Y,N,Y,1,3,Zlin,14,MIDLE_UP,3.6603174,-1.6333332,0.9166665,0.0,-2.5,5.2857146,3.1666667,2.1190476,-4.7142854,-1.8333334,-2.8809526,1.0,1.0,2.0,3.0,0.0,0.0,3,1,1,1,1,3,Teplice,14,MIDLE_UP,6.280628,-3.8000002,3.1818185,3.875,-1.1428571,5.4952383,3.6666667,1.8285714,-4.5047617,-2.3333335,-2.1714287,0.0,2.0,2.0,4.0,0.0,0.0,3,1,2,0,1,3,2.63,3.3,2.6,2.05,1.75
11,1,O,Y,Y,Y,3,5,Mlada Boleslav,18,TOP_TABLE,14.164719,0.3000002,3.2857141,2.424242,2.1428576,6.1190476,3.6190476,2.5,-3.8809526,-1.3809525,-2.5,1.0,1.0,5.0,3.0,0.0,0.0,4,1,0,3,1,1,Slovacko,16,MIDLE_UP,6.7554264,3.0256412,-2.235294,3.6000001,-2.4285715,4.404762,3.2380955,1.1666667,-5.595238,-1.7619048,-3.8333335,1.0,1.0,3.0,3.0,0.0,0.0,4,1,0,1,1,3,1.3,5.5,9.0,1.52,2.42
11,2,U,Y,N,N,1,2,Banik Ostrava,4,BOTTOM_TABLE,-6.606196,-2.025641,9.0,-2.875,-2.2222223,3.2,2.0833335,1.1166667,-6.7999997,-1.9166667,-4.883333,1.0,1.0,3.0,3.0,0.0,0.0,1,0,1,0,2,6,P?ibram,10,MIDLE_DOWN,-4.2749996,-2.4999998,-2.2857141,2.8857143,-2.4166665,3.3833332,1.8,1.5833334,-6.616667,-3.2,-3.4166667,2.0,1.0,4.0,3.0,0.0,0.0,2,1,0,1,3,3,3.0,3.4,2.2,1.9,1.9
11,X,O,Y,Y,Y,3,6,Jablonec,14,MIDLE_UP,11.260159,1.1538458,1.083333,-1.424242,3.2222219,4.6,1.8333334,2.7666667,-4.4,-2.1666667,-2.2333333,0.0,2.0,2.0,3.0,0.0,0.0,0,3,4,1,1,1,Dukla Praha,11,MIDLE_DOWN,6.579365,1.6999998,1.5555553,-1.4333334,0.0,5.061905,3.1333332,1.9285715,-4.938095,-1.8666667,-3.0714285,1.0,1.0,3.0,3.0,0.0,0.0,2,0,2,3,1,2,1.53,4.2,6.0,1.8,2.0
11,1,U,N,N,N,0,1,Zbrojovka Brno,14,MIDLE_UP,2.8078642,-1.25,-2.1818185,2.4333334,3.4285715,4.6666665,2.6666667,2.0,-5.3333335,-2.3333335,-3.0,1.0,0.0,2.0,2.0,0.0,0.0,3,1,0,2,2,2,Viktoria Plze?,23,TOP_TABLE,20.572008,2.6333332,3.039215,2.4047623,3.636364,6.6666665,3.5000002,3.1666667,-3.3333333,-1.5000001,-1.8333334,1.0,0.0,3.0,3.0,0.0,0.0,4,3,1,1,0,1,7.0,4.75,1.4,1.68,2.15
11,X,U,Y,N,Y,1,2,Vyso?ina Jihlava,8,BOTTOM_TABLE,-0.5535011,4.8,-2.0392156,-1.8857143,2.0,3.7,2.1666667,1.5333333,-5.3,-1.8333335,-3.4666667,0.0,1.0,2.0,2.0,0.0,0.0,1,1,2,0,2,4,Slovan Liberec,19,TOP_TABLE,15.618256,-0.5714283,3.2333336,-1.4047613,3.416667,6.416667,3.9166667,2.5,-3.5833335,-1.0833334,-2.5,1.0,1.0,3.0,2.0,0.0,0.0,4,1,1,3,0,1,2.9,3.3,2.38,1.95,1.85
11,1,O,Y,N,N,1,3,Sparta Praha,23,TOP_TABLE,20.469603,3.5,3.2352943,-2.545454,3.5714283,6.916667,4.75,2.1666667,-2.0833335,-0.25,-1.8333334,1.0,0.0,3.0,2.0,0.0,0.0,5,2,0,2,0,1,Bohemians 1905,5,BOTTOM_TABLE,-2.7530298,3.25,-2.233333,-2.6,-2.6363635,3.0833333,1.5,1.5833334,-6.916667,-3.5,-3.4166667,0.0,1.0,1.0,3.0,0.0,0.0,0,0,3,2,2,3,1.14,7.5,17.0,1.43,2.75
12,1,U,N,N,N,0,1,Dukla Praha,12,MIDLE_DOWN,7.852092,1.272727,1.6999998,1.5555553,-1.4333334,5.561905,3.1333332,2.4285715,-5.438095,-1.8666667,-3.5714285,1.0,1.0,3.0,3.0,0.0,0.0,2,0,2,4,1,2,Zlin,14,MIDLE_DOWN,2.3269842,-1.3333333,-1.6333332,0.9166665,0.0,5.619048,3.5,2.1190476,-5.380952,-2.5,-2.8809526,1.0,1.0,2.0,3.0,0.0,0.0,3,1,1,1,2,3,1.62,3.8,5.5,1.75,2.05
12,X,U,Y,N,Y,1,2,Slovacko,16,MIDLE_UP,5.0443153,-1.7111111,3.0256412,-2.235294,3.6000001,4.6047616,3.2380955,1.3666668,-6.3952384,-1.7619048,-4.6333337,1.0,1.0,3.0,3.0,0.0,0.0,4,1,0,1,1,4,Jablonec,15,MIDLE_UP,11.987432,0.727273,1.1538458,1.083333,-1.424242,5.1,2.3333335,2.7666667,-4.9,-2.6666667,-2.2333333,1.0,2.0,2.0,3.0,0.0,0.0,0,3,5,1,1,1,4.0,3.75,1.83,1.75,2.05
12,2,O,Y,N,Y,1,3,Sigma Olomouc,11,MIDLE_DOWN,-0.23333359,4.0,2.5714283,-8.0,2.0,4.416667,2.4166667,2.0,-6.583333,-2.5833335,-4.0,0.0,1.0,2.0,2.0,0.0,0.0,1,1,3,2,1,3,Mlada Boleslav,21,TOP_TABLE,16.87583,2.711111,0.3000002,3.2857141,2.424242,6.919048,4.419048,2.5,-4.0809526,-1.5809525,-2.5,2.0,1.0,5.0,3.0,0.0,0.0,5,1,0,3,1,1,3.2,3.4,2.2,1.75,2.05
12,X,U,N,N,Y,0,2,P?ibram,13,MIDLE_DOWN,-0.6749997,3.6,-2.4999998,-2.2857141,2.8857143,4.383333,1.8,2.5833335,-6.616667,-3.2,-3.4166667,2.0,1.0,4.0,3.0,0.0,0.0,2,2,0,1,3,3,Zbrojovka Brno,17,MIDLE_UP,6.4507213,3.642857,-1.25,-2.1818185,2.4333334,5.6666665,3.6666667,2.0,-5.3333335,-2.3333335,-3.0,1.0,0.0,2.0,2.0,0.0,0.0,4,1,0,2,2,2,1.67,3.6,5.25,2.0,1.8
12,1,O,Y,N,Y,1,3,Bohemians 1905,5,BOTTOM_TABLE,-5.535639,-2.782609,3.25,-2.233333,-2.6,3.0833333,1.5,1.5833334,-7.916667,-3.5,-4.416667,0.0,1.0,1.0,3.0,0.0,0.0,0,0,3,2,2,4,Vyso?ina Jihlava,9,BOTTOM_TABLE,1.8214989,2.375,4.8,-2.0392156,-1.8857143,4.2,2.6666667,1.5333333,-5.8,-2.3333335,-3.4666667,0.0,1.0,2.0,2.0,0.0,0.0,1,1,3,0,2,4,2.0,3.4,3.7,2.3,1.6
12,1,O,Y,N,Y,1,3,Slovan Liberec,20,TOP_TABLE,15.243256,-0.375,-0.5714283,3.2333336,-1.4047613,6.916667,3.9166667,3.0,-4.0833335,-1.0833334,-3.0,1.0,1.0,3.0,2.0,0.0,0.0,4,1,1,4,0,1,Banik Ostrava,4,BOTTOM_TABLE,-9.206196,-2.6,-2.025641,9.0,-2.875,3.2,2.0833335,1.1166667,-7.7999997,-2.9166667,-4.883333,1.0,1.0,2.0,3.0,0.0,0.0,1,0,1,0,3,6,1.25,5.75,11.0,1.6,2.3
12,1,O,N,N,Y,0,3,Viktoria Plze?,23,TOP_TABLE,17.929152,-2.6428566,2.6333332,3.039215,2.4047623,6.6666665,3.5000002,3.1666667,-4.333333,-1.5000001,-2.8333335,1.0,0.0,3.0,2.0,0.0,0.0,4,3,1,1,0,2,Sparta Praha,26,TOP_TABLE,24.25221,3.782608,3.5,3.2352943,-2.545454,7.916667,5.75,2.1666667,-2.0833335,-0.25,-1.8333334,1.0,0.0,3.0,2.0,0.0,0.0,6,2,0,2,0,1,2.1,3.25,3.5,1.95,1.85
12,2,U,N,N,N,0,1,Teplice,17,MIDLE_UP,8.613962,2.333334,-3.8000002,3.1818185,3.875,6.161905,3.6666667,2.495238,-4.838095,-2.3333335,-2.504762,0.0,1.0,2.0,4.0,0.0,0.0,3,2,2,0,1,3,Slavia Praha,16,MIDLE_UP,10.252721,-3.0,0.8461542,0.44444466,3.545455,5.5833335,3.5,2.0833335,-4.416667,-2.5,-1.9166667,1.0,0.0,2.0,2.0,0.0,0.0,2,2,3,1,1,2,2.0,3.3,3.75,1.8,2.0
13,1,O,Y,Y,N,2,4,Jablonec,16,MIDLE_UP,13.054098,1.0666666,0.727273,1.1538458,1.083333,5.6,2.3333335,3.2666667,-5.4,-2.6666667,-2.7333333,1.0,1.0,2.0,3.0,0.0,0.0,0,3,5,2,1,1,Sigma Olomouc,11,MIDLE_DOWN,-2.0428574,-1.8095238,4.0,2.5714283,-8.0,4.7500005,2.75,2.0,-7.2499995,-3.2500002,-4.0,0.0,1.0,2.0,2.0,0.0,0.0,1,1,3,2,2,3,1.4,4.5,8.0,1.8,2.0
13,1,O,Y,N,Y,1,3,Zlin,14,MIDLE_DOWN,0.16031766,-2.1666665,-1.3333333,-1.6333332,0.9166665,5.619048,3.5,2.1190476,-6.380952,-2.5,-3.8809526,1.0,1.0,2.0,3.0,0.0,0.0,3,1,1,1,2,4,Slovacko,17,MIDLE_UP,5.9776487,0.9333334,-1.7111111,3.0256412,-2.235294,5.1047616,3.7380955,1.3666668,-6.8952384,-2.2619047,-4.6333337,1.0,1.0,3.0,3.0,0.0,0.0,4,1,1,1,1,4,2.0,3.5,3.5,2.0,1.8
13,2,U,Y,N,N,1,1,Dukla Praha,15,MIDLE_DOWN,11.018759,3.166667,1.272727,1.6999998,1.5555553,6.561905,4.133333,2.4285715,-5.438095,-1.8666667,-3.5714285,1.0,1.0,2.0,3.0,0.0,0.0,3,0,2,4,1,2,P?ibram,14,MIDLE_DOWN,0.6326926,1.3076923,3.6,-2.4999998,-2.2857141,4.883333,2.3,2.5833335,-7.116667,-3.7,-3.4166667,1.0,1.0,4.0,3.0,0.0,0.0,2,2,1,1,3,3,1.55,4.0,6.5,1.73,2.08
13,1,O,Y,Y,Y,2,7,Mlada Boleslav,24,TOP_TABLE,19.685354,2.8095245,2.711111,0.3000002,3.2857141,7.5857143,4.419048,3.1666667,-4.414286,-1.5809525,-2.8333333,2.0,1.0,5.0,3.0,0.0,0.0,5,2,0,3,1,1,Vyso?ina Jihlava,9,BOTTOM_TABLE,-0.31183434,-2.1333332,2.375,4.8,-2.0392156,4.5333333,2.6666667,1.8666667,-6.4666667,-2.3333335,-4.133333,0.0,1.0,2.0,2.0,0.0,0.0,1,1,3,0,2,5,1.22,6.0,13.0,1.48,2.6
13,X,O,Y,Y,Y,3,4,Slavia Praha,19,MIDLE_UP,13.315221,3.0625,-3.0,0.8461542,0.44444466,6.5833335,3.5,3.0833335,-4.416667,-2.5,-1.9166667,1.0,0.0,2.0,1.0,0.0,0.0,2,3,3,1,1,2,Bohemians 1905,8,BOTTOM_TABLE,-2.4023054,3.1333334,-2.782609,3.25,-2.233333,3.75,2.1666667,1.5833334,-8.25,-3.8333333,-4.416667,0.0,1.0,1.0,3.0,0.0,0.0,1,0,3,2,2,4,1.5,3.8,7.0,1.95,1.85
13,2,O,N,N,N,0,4,Banik Ostrava,4,BOTTOM_TABLE,-11.339529,-2.1333332,-2.6,-2.025641,9.0,3.5333333,2.0833335,1.45,-8.466666,-2.9166667,-5.5499997,1.0,1.0,2.0,3.0,0.0,0.0,1,0,1,0,3,7,Viktoria Plze?,26,TOP_TABLE,20.39292,2.463768,-2.6428566,2.6333332,3.039215,7.333333,4.166667,3.1666667,-4.6666665,-1.8333335,-2.8333335,0.0,0.0,3.0,2.0,0.0,0.0,5,3,1,1,0,2,8.0,4.75,1.36,1.63,2.25
13,1,O,N,N,Y,0,4,Zbrojovka Brno,18,MIDLE_UP,7.143029,0.69230795,3.642857,-1.25,-2.1818185,6.1666665,3.6666667,2.5,-5.8333335,-2.3333335,-3.5,1.0,0.0,2.0,2.0,0.0,0.0,4,1,0,3,2,2,Slovan Liberec,23,TOP_TABLE,18.376589,3.1333332,-0.375,-0.5714283,3.2333336,7.5833335,4.5833335,3.0,-4.416667,-1.4166667,-3.0,1.0,1.0,3.0,2.0,0.0,0.0,5,1,1,4,0,1,3.4,3.4,2.1,2.05,1.75
13,1,O,Y,Y,Y,3,4,Sparta Praha,26,TOP_TABLE,22.788443,-1.463768,3.782608,3.5,3.2352943,8.25,5.75,2.5,-2.7500002,-0.25,-2.5,1.0,0.0,3.0,2.0,0.0,0.0,6,2,0,2,0,2,Teplice,17,MIDLE_UP,6.551462,-2.0625,2.333334,-3.8000002,3.1818185,6.161905,3.6666667,2.495238,-5.838095,-3.3333335,-2.504762,0.0,1.0,2.0,4.0,0.0,0.0,3,2,2,0,2,3,1.25,5.75,11.0,1.5,2.5
14,1,U,N,N,N,0,2,Vyso?ina Jihlava,9,BOTTOM_TABLE,-2.65112,-2.3392856,-2.1333332,2.375,4.8,4.6761904,2.6666667,2.0095239,-7.3238096,-2.3333335,-4.990476,0.0,1.0,2.0,3.0,0.0,0.0,1,1,3,0,2,6,Zbrojovka Brno,21,TOP_TABLE,9.920807,2.7777777,0.69230795,3.642857,-1.25,6.9166665,4.416667,2.5,-6.0833335,-2.5833335,-3.5,1.0,0.0,2.0,2.0,0.0,0.0,5,1,0,3,2,2,2.0,3.5,3.6,2.1,1.7
14,2,U,Y,N,N,1,2,Slovacko,17,MIDLE_DOWN,4.43003,-1.5476189,0.9333334,-1.7111111,3.0256412,5.438095,3.7380955,1.7000002,-7.561905,-2.2619047,-5.3,1.0,1.0,3.0,3.0,0.0,0.0,4,1,1,1,1,5,Slavia Praha,20,MIDLE_UP,12.940221,-0.375,3.0625,-3.0,0.8461542,7.0833335,4.0,3.0833335,-4.916667,-3.0,-1.9166667,1.0,0.0,2.0,1.0,0.0,0.0,2,3,4,1,1,2,2.5,3.3,2.8,2.1,1.7
14,X,U,N,N,N,0,0,Sigma Olomouc,11,MIDLE_DOWN,-4.355357,-2.3124998,-1.8095238,4.0,2.5714283,4.7500005,2.75,2.0,-8.25,-3.2500002,-5.0,0.0,1.0,2.0,2.0,0.0,0.0,1,1,3,2,2,4,Dukla Praha,15,MIDLE_DOWN,8.94733,-2.0714283,3.166667,1.272727,1.6999998,6.561905,4.133333,2.4285715,-6.438095,-2.8666668,-3.5714285,1.0,1.0,2.0,3.0,0.0,0.0,3,0,2,4,2,2,2.55,3.3,2.7,1.8,2.0
14,2,O,Y,Y,Y,2,3,P?ibram,17,MIDLE_DOWN,3.704121,3.0714285,1.3076923,3.6,-2.4999998,5.883333,2.3,3.5833335,-7.116667,-3.7,-3.4166667,1.0,1.0,4.0,2.0,0.0,0.0,2,3,1,1,3,3,Zlin,17,MIDLE_UP,2.7079368,2.547619,-2.1666665,-1.3333333,-1.6333332,6.2857146,4.1666665,2.1190476,-6.7142854,-2.8333333,-3.8809526,1.0,1.0,2.0,3.0,0.0,0.0,4,1,1,1,2,4,1.91,3.5,4.0,2.08,1.73
14,1,O,Y,N,Y,1,4,Bohemians 1905,9,BOTTOM_TABLE,-0.027305365,2.375,3.1333334,-2.782609,3.25,4.25,2.1666667,2.0833335,-8.75,-3.8333333,-4.916667,0.0,1.0,1.0,3.0,0.0,0.0,1,0,3,3,2,4,Banik Ostrava,4,BOTTOM_TABLE,-14.185682,-2.8461533,-2.1333332,-2.6,-2.025641,3.5333333,2.0833335,1.45,-9.466666,-3.9166667,-5.5499997,1.0,1.0,3.0,3.0,0.0,0.0,1,0,1,0,4,7,1.75,3.5,4.75,2.1,1.7
14,1,U,N,N,N,0,1,Viktoria Plze?,29,TOP_TABLE,24.239073,3.8461533,2.463768,-2.6428566,2.6333332,8.333333,4.166667,4.166667,-4.6666665,-1.8333335,-2.8333335,0.0,0.0,3.0,3.0,0.0,0.0,5,4,1,1,0,2,Mlada Boleslav,27,TOP_TABLE,23.02464,3.339285,2.8095245,2.711111,0.3000002,8.442857,5.2761908,3.1666667,-4.557143,-1.7238097,-2.8333333,2.0,1.0,5.0,3.0,0.0,0.0,6,2,0,3,1,1,1.5,4.33,6.0,1.57,2.35
14,1,U,N,N,N,0,1,Slovan Liberec,23,TOP_TABLE,16.59881,-1.7777786,3.1333332,-0.375,-0.5714283,7.8333335,4.5833335,3.25,-5.166667,-1.4166667,-3.75,1.0,1.0,3.0,2.0,0.0,0.0,5,1,1,4,0,2,Sparta Praha,29,TOP_TABLE,25.634596,2.8461533,-1.463768,3.782608,3.5,9.0,6.5,2.5,-3.0000002,-0.5,-2.5,1.0,0.0,3.0,2.0,0.0,0.0,7,2,0,2,0,2,3.5,3.6,2.0,1.65,2.2
14,X,O,Y,Y,Y,2,4,Teplice,17,MIDLE_UP,4.7053084,-1.8461537,-2.0625,2.333334,-3.8000002,6.411905,3.6666667,2.745238,-6.588095,-3.3333335,-3.254762,0.0,2.0,2.0,4.0,0.0,0.0,3,2,2,0,2,4,Jablonec,19,MIDLE_UP,16.366598,3.3125,1.0666666,0.727273,1.1538458,6.6,3.3333335,3.2666667,-5.4,-2.6666667,-2.7333333,1.0,1.0,3.0,3.0,0.0,0.0,1,3,5,2,1,1,3.4,3.5,2.05,1.8,2.0
15,1,O,Y,Y,N,2,4,Dukla Praha,16,MIDLE_DOWN,9.583694,0.636364,-2.0714283,3.166667,1.272727,6.561905,4.133333,2.4285715,-6.438095,-2.8666668,-3.5714285,1.0,1.0,2.0,3.0,0.0,0.0,3,0,2,5,2,2,Teplice,18,MIDLE_UP,5.8229556,1.1176472,-1.8461537,-2.0625,2.333334,6.911905,4.166667,2.745238,-7.088095,-3.8333335,-3.254762,0.0,2.0,2.0,4.0,0.0,0.0,3,2,3,0,2,4,1.8,3.6,4.33,1.73,2.08
15,1,O,Y,N,Y,1,3,Slavia Praha,23,TOP_TABLE,16.090221,3.1500006,-0.375,3.0625,-3.0,8.083334,4.0,4.0833335,-4.916667,-3.0,-1.9166667,1.0,0.0,2.0,1.0,0.0,0.0,2,4,4,1,1,2,P?ibram,17,MIDLE_DOWN,2.3707879,-1.3333333,3.0714285,1.3076923,3.6,6.2166667,2.6333332,3.5833335,-7.7833333,-4.366667,-3.4166667,1.0,1.0,4.0,2.0,0.0,0.0,2,3,1,1,4,3,1.57,3.9,5.75,1.85,1.95
15,1,U,Y,N,N,1,2,Sigma Olomouc,12,BOTTOM_TABLE,-2.9917207,1.3636365,-2.3124998,-1.8095238,4.0,4.7500005,2.75,2.0,-8.25,-3.2500002,-5.0,0.0,1.0,2.0,2.0,0.0,0.0,1,1,4,2,2,4,Slovacko,17,MIDLE_DOWN,2.2800298,-2.15,-1.5476189,0.9333334,-1.7111111,5.438095,3.7380955,1.7000002,-8.561905,-3.2619047,-5.3,1.0,1.0,3.0,3.0,0.0,0.0,4,1,1,1,2,5,1.8,3.75,4.2,1.85,1.95
15,2,O,Y,Y,Y,3,3,Banik Ostrava,4,BOTTOM_TABLE,-16.241238,-2.0555553,-2.8461533,-2.1333332,-2.6,3.7833333,2.0833335,1.7,-10.216666,-3.9166667,-6.2999997,1.0,1.0,3.0,3.0,0.0,0.0,1,0,1,0,4,8,Vyso?ina Jihlava,12,BOTTOM_TABLE,1.6822135,4.3333335,-2.3392856,-2.1333332,2.375,5.6761904,3.6666667,2.0095239,-7.3238096,-2.3333335,-4.990476,0.0,1.0,2.0,3.0,0.0,0.0,2,1,3,0,2,6,2.3,3.25,3.1,2.08,1.73
15,X,U,Y,Y,Y,2,2,Mlada Boleslav,27,TOP_TABLE,20.955673,-2.068966,3.339285,2.8095245,2.711111,8.442857,5.2761908,3.1666667,-5.557143,-1.7238097,-3.8333333,2.0,1.0,5.0,3.0,0.0,0.0,6,2,0,3,1,2,Bohemians 1905,12,BOTTOM_TABLE,3.0282502,3.0555556,2.375,3.1333334,-2.782609,5.0,2.9166667,2.0833335,-9.0,-4.083333,-4.916667,0.0,1.0,2.0,3.0,0.0,0.0,2,0,3,3,2,4,1.25,5.25,13.0,1.57,2.35
15,2,U,Y,N,N,1,1,Jablonec,20,MIDLE_UP,17.248951,0.8823528,3.3125,1.0666666,0.727273,7.1,3.3333335,3.7666667,-5.9,-2.6666667,-3.2333333,1.0,1.0,3.0,3.0,0.0,0.0,1,3,5,3,1,1,Viktoria Plze?,32,TOP_TABLE,27.308039,3.068966,3.8461533,2.463768,-2.6428566,9.333333,5.166667,4.166667,-4.6666665,-1.8333335,-2.8333335,0.0,0.0,3.0,3.0,0.0,0.0,6,4,1,1,0,2,2.4,3.25,2.9,2.05,1.75
15,1,U,Y,N,N,1,2,Zlin,20,MIDLE_UP,5.0412703,2.3333335,2.547619,-2.1666665,-1.3333333,6.952381,4.1666665,2.7857144,-7.047619,-2.8333333,-4.214286,1.0,1.0,2.0,3.0,0.0,0.0,4,2,1,1,2,4,Slovan Liberec,26,TOP_TABLE,19.85968,3.26087,-1.7777786,3.1333332,-0.375,8.833334,5.5833335,3.25,-5.166667,-1.4166667,-3.75,1.0,1.0,3.0,2.0,0.0,0.0,6,1,1,4,0,2,2.5,3.25,2.8,2.1,1.7
15,1,O,Y,N,Y,1,3,Sparta Praha,29,TOP_TABLE,23.373726,-2.26087,2.8461533,-1.463768,3.782608,9.0,6.5,2.5,-4.0,-0.5,-3.5,1.0,0.0,3.0,2.0,0.0,0.0,7,2,0,2,0,3,Zbrojovka Brno,21,MIDLE_UP,6.5874734,-3.3333335,2.7777777,0.69230795,3.642857,6.9166665,4.416667,2.5,-7.0833335,-2.5833335,-4.5,1.0,0.0,2.0,2.0,0.0,0.0,5,1,0,3,2,3,1.13,8.0,21.0,1.45,2.67
16,1,O,Y,Y,Y,2,6,Slovacko,17,MIDLE_DOWN,-0.13663673,-2.4166665,-2.15,-1.5476189,0.9333334,5.438095,3.7380955,1.7000002,-9.561905,-3.2619047,-6.3,1.0,1.0,3.0,3.0,0.0,0.0,4,1,1,1,2,6,Teplice,18,MIDLE_DOWN,3.6979556,-2.125,1.1176472,-1.8461537,-2.0625,6.911905,4.166667,2.745238,-8.088095,-3.8333335,-4.2547617,0.0,2.0,2.0,4.0,0.0,0.0,3,2,3,0,2,5,2.2,3.3,3.3,1.85,1.95
16,1,O,N,N,N,0,3,P?ibram,17,MIDLE_DOWN,0.7765851,-1.5942028,-1.3333333,3.0714285,1.3076923,6.55,2.6333332,3.9166667,-8.45,-4.366667,-4.0833335,1.0,1.0,4.0,2.0,0.0,0.0,2,3,1,1,4,4,Sigma Olomouc,15,MIDLE_DOWN,0.42494607,3.4166667,1.3636365,-2.3124998,-1.8095238,5.7500005,3.75,2.0,-8.25,-3.2500002,-5.0,0.0,1.0,2.0,2.0,0.0,0.0,2,1,4,2,2,4,2.0,3.3,3.8,1.93,1.88
16,1,O,Y,N,Y,1,3,Bohemians 1905,13,BOTTOM_TABLE,5.27825,2.25,3.0555556,2.375,3.1333334,5.5,2.9166667,2.5833335,-9.5,-4.083333,-5.416667,0.0,1.0,2.0,3.0,0.0,0.0,2,0,3,4,2,4,Jablonec,20,MIDLE_UP,14.873951,-2.375,0.8823528,3.3125,1.0666666,7.1,3.3333335,3.7666667,-6.9,-3.6666667,-3.2333333,1.0,1.0,2.0,3.0,0.0,0.0,1,3,5,3,2,1,4.75,3.6,1.73,2.08,1.73
16,X,U,Y,N,Y,1,2,Zbrojovka Brno,21,MIDLE_UP,4.978278,-1.6091952,-3.3333335,2.7777777,0.69230795,7.25,4.416667,2.8333333,-7.75,-2.5833335,-5.1666665,1.0,0.0,2.0,2.0,0.0,0.0,5,1,0,3,2,4,Mlada Boleslav,28,TOP_TABLE,20.705673,-0.25,-2.068966,3.339285,2.8095245,8.942857,5.7761908,3.1666667,-6.057143,-2.2238097,-3.8333333,2.0,1.0,5.0,3.0,0.0,0.0,6,2,1,3,1,2,4.0,3.5,1.91,2.0,1.8
16,1,O,Y,N,Y,1,3,Slovan Liberec,26,TOP_TABLE,17.55968,-2.2999992,3.26087,-1.7777786,3.1333332,8.833334,5.5833335,3.25,-6.166667,-1.4166667,-4.75,1.0,1.0,3.0,2.0,0.0,0.0,6,1,1,4,0,3,Slavia Praha,26,TOP_TABLE,18.684425,2.594204,3.1500006,-0.375,3.0625,8.750001,4.6666665,4.0833335,-5.2500005,-3.3333333,-1.9166667,1.0,0.0,2.0,1.0,0.0,0.0,3,4,4,1,1,2,2.0,3.3,3.75,1.95,1.85
16,X,O,Y,Y,Y,2,4,Vyso?ina Jihlava,15,BOTTOM_TABLE,4.682214,3.0000002,4.3333335,-2.3392856,-2.1333332,6.342857,3.6666667,2.6761906,-7.657143,-2.3333335,-5.3238096,0.0,1.0,2.0,3.0,0.0,0.0,2,2,3,0,2,6,Zlin,23,MIDLE_UP,8.34127,3.3000002,2.3333335,2.547619,-2.1666665,7.952381,5.1666665,2.7857144,-7.047619,-2.8333333,-4.214286,1.0,1.0,2.0,3.0,0.0,0.0,5,2,1,1,2,4,2.2,3.25,3.3,2.1,1.7
16,2,U,Y,N,N,1,1,Banik Ostrava,4,BOTTOM_TABLE,-18.241238,-2.0,-2.0555553,-2.8461533,-2.1333332,4.116667,2.4166667,1.7,-10.883333,-4.5833335,-6.2999997,1.0,1.0,3.0,3.0,0.0,0.0,1,0,1,0,5,8,Sparta Praha,32,TOP_TABLE,25.982922,2.6091957,-2.26087,2.8461533,-1.463768,9.666667,7.1666665,2.5,-4.3333335,-0.8333334,-3.5,1.0,0.0,3.0,2.0,0.0,0.0,8,2,0,2,0,3,15.0,6.0,1.2,1.6,2.3
16,1,O,Y,N,N,1,3,Viktoria Plze?,35,TOP_TABLE,30.683039,3.375,3.068966,3.8461533,2.463768,10.333333,5.166667,5.166667,-4.6666665,-1.8333335,-2.8333335,0.0,0.0,3.0,2.0,0.0,0.0,6,5,1,1,0,2,Dukla Praha,19,MIDLE_DOWN,12.708694,3.125,0.636364,-2.0714283,3.166667,7.561905,5.133333,2.4285715,-6.438095,-2.8666668,-3.5714285,1.0,1.0,2.0,3.0,0.0,0.0,4,0,2,5,2,2,1.4,4.5,7.5,1.63,2.25
17,1,U,Y,N,N,1,2,Dukla Praha,19,MIDLE_DOWN,10.251552,-2.4571428,3.125,0.636364,-2.0714283,7.561905,5.133333,2.4285715,-7.438095,-2.8666668,-4.5714283,1.0,1.0,2.0,3.0,0.0,0.0,4,0,2,5,2,3,Slovan Liberec,29,TOP_TABLE,19.893015,2.333334,-2.2999992,3.26087,-1.7777786,9.500001,6.25,3.25,-6.5000005,-1.7500001,-4.75,1.0,1.0,3.0,2.0,0.0,0.0,7,1,1,4,0,3,1.965,3.3600001,3.605,1.95,1.8
17,2,O,Y,N,Y,1,3,Zlin,24,MIDLE_UP,8.807937,0.46666622,3.3000002,2.3333335,2.547619,8.452381,5.1666665,3.2857144,-7.547619,-2.8333333,-4.714286,1.0,1.0,2.0,3.0,0.0,0.0,5,2,1,2,2,4,Sparta Praha,35,TOP_TABLE,29.857922,3.875,2.6091957,-2.26087,2.8461533,10.666667,7.1666665,3.5,-4.3333335,-0.8333334,-3.5,1.0,0.0,3.0,2.0,0.0,0.0,8,3,0,2,0,3,5.0699997,3.675,1.635,1.81,1.94
17,1,U,Y,Y,N,2,2,Teplice,18,MIDLE_DOWN,2.3057988,-1.3921568,-2.125,1.1176472,-1.8461537,7.2452383,4.166667,3.0785713,-8.754762,-3.8333335,-4.921428,0.0,2.0,2.0,4.0,0.0,0.0,3,2,3,0,2,6,P?ibram,20,MIDLE_UP,3.8942323,3.1176472,-1.5942028,-1.3333333,3.0714285,7.55,3.6333332,3.9166667,-8.45,-4.366667,-4.0833335,1.0,1.0,3.0,2.0,0.0,0.0,3,3,1,1,4,4,1.915,3.4250002,3.7350001,1.785,1.9649999
17,X,O,Y,N,Y,1,4,Sigma Olomouc,15,BOTTOM_TABLE,-1.6927011,-2.1176472,3.4166667,1.3636365,-2.3124998,5.7500005,3.75,2.0,-9.25,-3.2500002,-6.0,0.0,1.0,2.0,2.0,0.0,0.0,2,1,4,2,2,5,Bohemians 1905,16,MIDLE_DOWN,8.150045,2.8717952,2.25,3.0555556,2.375,6.1666665,3.5833335,2.5833335,-9.833333,-4.4166665,-5.416667,0.0,1.0,2.0,3.0,0.0,0.0,3,0,3,4,2,4,1.83,3.3899999,4.17,2.085,1.685
17,1,U,N,N,N,0,2,Jablonec,20,MIDLE_DOWN,13.002156,-1.8717947,-2.375,0.8823528,3.3125,7.4333334,3.3333335,4.1,-7.5666666,-3.6666667,-3.9,1.0,1.0,2.0,3.0,0.0,0.0,1,3,5,3,2,2,Vyso?ina Jihlava,16,BOTTOM_TABLE,6.215547,1.5333333,3.0000002,4.3333335,-2.3392856,6.842857,4.166667,2.6761906,-8.157143,-2.8333335,-5.3238096,0.0,1.0,2.0,3.0,0.0,0.0,2,2,4,0,2,6,1.345,4.465,8.57,1.835,1.915
17,1,U,Y,Y,N,2,2,Slavia Praha,26,TOP_TABLE,17.351091,-1.333334,2.594204,3.1500006,-0.375,9.083334,4.6666665,4.416667,-5.916667,-3.3333333,-2.5833335,1.0,0.0,2.0,2.0,0.0,0.0,3,4,4,1,1,3,Zbrojovka Brno,22,MIDLE_UP,6.3116117,1.3333335,-1.6091952,-3.3333335,2.7777777,7.75,4.916667,2.8333333,-8.25,-3.0833335,-5.1666665,1.0,0.0,2.0,2.0,0.0,0.0,5,1,1,3,2,4,1.465,3.96,6.885,1.975,1.775
17,1,O,Y,N,N,1,3,Mlada Boleslav,29,TOP_TABLE,21.37234,0.66666603,-0.25,-2.068966,3.339285,9.442857,5.7761908,3.6666667,-6.557143,-2.2238097,-4.333333,2.0,1.0,5.0,2.0,0.0,0.0,6,2,1,4,1,2,Banik Ostrava,4,BOTTOM_TABLE,-21.116238,-2.875,-2.0,-2.0555553,-2.8461533,4.116667,2.4166667,1.7,-11.883333,-5.5833335,-6.2999997,1.0,1.0,2.0,3.0,0.0,0.0,1,0,1,0,6,8,1.176,6.05,15.25,1.535,2.365
17,2,O,Y,Y,Y,2,3,Slovacko,20,MIDLE_DOWN,2.2555203,2.392157,-2.4166665,-2.15,-1.5476189,6.1047616,4.4047623,1.7000002,-9.895238,-3.595238,-6.3,1.0,1.0,3.0,3.0,0.0,0.0,5,1,1,1,2,6,Viktoria Plze?,38,TOP_TABLE,34.140182,3.4571438,3.375,3.068966,3.8461533,11.333333,6.166667,5.166667,-4.6666665,-1.8333335,-2.8333335,0.0,0.0,3.0,2.0,0.0,0.0,7,5,1,1,0,2,5.165,3.8049998,1.595,1.69,2.09
18,X,U,N,N,N,0,0,Vyso?ina Jihlava,16,BOTTOM_TABLE,4.015547,-2.2000003,1.5333333,3.0000002,4.3333335,6.842857,4.166667,2.6761906,-9.157143,-2.8333335,-6.3238096,0.0,1.0,2.0,3.0,0.0,0.0,2,2,4,0,2,7,Slavia Praha,29,TOP_TABLE,20.504938,3.1538467,-1.333334,2.594204,3.1500006,10.083334,5.6666665,4.416667,-5.916667,-3.3333333,-2.5833335,1.0,0.0,2.0,2.0,0.0,0.0,4,4,4,1,1,3,4.0150003,3.4,1.835,2.0349998,1.725
18,1,U,Y,N,N,1,1,Viktoria Plze?,41,TOP_TABLE,36.9472,2.8070183,3.4571438,3.375,3.068966,12.0,6.166667,5.8333335,-5.0,-1.8333335,-3.1666667,0.0,0.0,3.0,2.0,0.0,0.0,7,6,1,1,0,2,Teplice,21,MIDLE_DOWN,5.41691,3.1111114,-1.3921568,-2.125,1.1176472,8.245238,5.166667,3.0785713,-8.754762,-3.8333335,-4.921428,1.0,2.0,2.0,4.0,0.0,0.0,4,2,3,0,2,6,1.225,5.67,10.98,1.465,2.5749998
18,1,U,Y,N,N,1,2,Zbrojovka Brno,22,MIDLE_UP,4.1577654,-2.1538463,1.3333335,-1.6091952,-3.3333335,7.75,4.916667,2.8333333,-9.25,-3.0833335,-6.1666665,1.0,0.0,2.0,2.0,0.0,0.0,5,1,1,3,2,5,Sigma Olomouc,16,BOTTOM_TABLE,-0.6260344,1.0666667,-2.1176472,3.4166667,1.3636365,6.2500005,4.25,2.0,-9.75,-3.7500002,-6.0,0.0,1.0,2.0,2.0,0.0,0.0,2,1,5,2,2,5,2.455,3.165,2.79,2.15,1.65
18,2,U,N,N,N,0,1,P?ibram,20,MIDLE_DOWN,1.7831211,-2.1111112,3.1176472,-1.5942028,-1.3333333,7.55,3.6333332,3.9166667,-9.45,-4.366667,-5.0833335,1.0,1.0,3.0,2.0,0.0,0.0,3,3,1,1,4,5,Slovacko,20,MIDLE_DOWN,0.44850278,-1.8070176,2.392157,-2.4166665,-2.15,6.438095,4.7380958,1.7000002,-10.561905,-4.2619047,-6.3,1.0,1.0,3.0,3.0,0.0,0.0,5,1,1,1,3,6,1.69,3.61,4.6949997,1.785,1.9649999
18,1,U,N,N,N,0,1,Bohemians 1905,17,MIDLE_DOWN,9.083379,0.9333334,2.8717952,2.25,3.0555556,6.6666665,3.5833335,3.0833335,-10.333333,-4.4166665,-5.916667,0.0,1.0,2.0,3.0,0.0,0.0,3,0,3,5,2,4,Dukla Praha,22,MIDLE_DOWN,13.777867,3.5263157,-2.4571428,3.125,0.636364,8.561905,6.133333,2.4285715,-7.438095,-2.8666668,-4.5714283,1.0,1.0,2.0,3.0,0.0,0.0,5,0,2,5,2,3,2.92,3.22,2.335,1.99,1.76
18,1,O,Y,Y,N,2,3,Banik Ostrava,4,BOTTOM_TABLE,-23.978306,-2.8620682,-2.875,-2.0,-2.0555553,4.116667,2.4166667,1.7,-12.883333,-5.5833335,-7.2999997,1.0,1.0,2.0,3.0,0.0,0.0,1,0,1,0,6,9,Zlin,24,MIDLE_UP,7.1603174,-1.6476192,0.46666622,3.3000002,2.3333335,8.785714,5.5,3.2857144,-8.214286,-3.5,-4.714286,1.0,1.0,2.0,3.0,0.0,0.0,5,2,1,2,3,4,3.9850001,3.52,1.835,2.05,1.715
18,1,O,Y,Y,Y,2,5,Slovan Liberec,29,TOP_TABLE,17.3667,-2.5263157,2.333334,-2.2999992,3.26087,9.500001,6.25,3.25,-7.5000005,-1.7500001,-5.75,1.0,1.0,3.0,2.0,0.0,0.0,7,1,1,4,0,4,Jablonec,23,MIDLE_UP,16.202156,3.1999998,-1.8717947,-2.375,0.8823528,8.433333,4.3333335,4.1,-7.5666666,-3.6666667,-3.9,1.0,1.0,2.0,3.0,0.0,0.0,2,3,5,3,2,2,2.845,3.185,2.39,2.2,1.625
18,1,U,Y,Y,N,2,2,Sparta Praha,38,TOP_TABLE,32.50554,2.6476173,3.875,2.6091957,-2.26087,11.333334,7.1666665,4.1666665,-4.666667,-0.8333334,-3.8333333,1.0,0.0,3.0,2.0,0.0,0.0,8,4,0,2,0,3,Mlada Boleslav,32,TOP_TABLE,25.234407,3.8620682,0.66666603,-0.25,-2.068966,10.442857,6.7761908,3.6666667,-6.557143,-2.2238097,-4.333333,1.0,1.0,4.0,2.0,0.0,0.0,7,2,1,4,1,2,1.45,4.15,6.545,1.715,2.05
19,2,U,Y,N,N,1,2,Zlin,24,MIDLE_UP,0.16031742,-7.0,-1.6476192,0.46666622,3.3000002,8.785714,5.5,3.2857144,-9.214286,-3.5,-5.714286,1.0,1.0,2.0,3.0,0.0,0.0,5,2,1,2,3,5,Mlada Boleslav,32,TOP_TABLE,23.076513,-2.1578941,3.8620682,0.66666603,-0.25,10.442857,6.7761908,3.6666667,-7.557143,-2.2238097,-5.333333,1.0,1.0,4.0,2.0,0.0,0.0,7,2,1,4,1,3,3.073333,3.29,2.26,1.9333334,1.8666667
19,2,O,N,N,N,0,3,Teplice,21,MIDLE_DOWN,2.9291053,-2.487805,3.1111114,-1.3921568,-2.125,8.245238,5.166667,3.0785713,-9.754762,-3.8333335,-5.921428,1.0,1.0,2.0,4.0,0.0,0.0,4,2,3,0,2,7,Slovan Liberec,32,TOP_TABLE,19.773596,2.4068966,-2.5263157,2.333334,-2.2999992,10.100001,6.85,3.25,-7.9000006,-2.15,-5.75,1.0,1.0,3.0,2.0,0.0,0.0,8,1,1,4,0,4,2.3933332,3.25,2.993333,1.9566666,1.8466667
19,1,O,Y,Y,Y,2,4,Slovacko,23,MIDLE_UP,3.4485028,3.0,-1.8070176,2.392157,-2.4166665,7.438095,4.7380958,2.7000003,-10.561905,-4.2619047,-6.3,1.0,1.0,3.0,2.0,0.0,0.0,5,2,1,1,3,6,Vyso?ina Jihlava,17,BOTTOM_TABLE,5.828047,1.8125,-2.2000003,1.5333333,3.0000002,6.842857,4.166667,2.6761906,-9.157143,-2.8333335,-6.3238096,0.0,1.0,2.0,3.0,0.0,0.0,2,2,5,0,2,7,1.7866668,3.5466669,4.52,1.93,1.87
19,X,U,N,N,N,0,0,P?ibram,20,MIDLE_DOWN,-0.21687889,-2.0,-2.1111112,3.1176472,-1.5942028,7.55,3.6333332,3.9166667,-10.45,-5.366667,-5.0833335,1.0,1.0,3.0,2.0,0.0,0.0,3,3,1,1,5,5,Bohemians 1905,20,MIDLE_DOWN,12.377497,3.294118,0.9333334,2.8717952,2.25,7.6666665,4.5833335,3.0833335,-10.333333,-4.4166665,-5.916667,0.0,1.0,2.0,3.0,0.0,0.0,4,0,3,5,2,4,1.56,3.615,6.145,1.95,1.8
19,1,O,Y,N,N,1,3,Jablonec,23,MIDLE_UP,14.795259,-1.4068966,3.1999998,-1.8717947,-2.375,8.833333,4.3333335,4.5,-8.166667,-3.6666667,-4.5,1.0,1.0,2.0,3.0,0.0,0.0,2,3,5,3,2,3,Zbrojovka Brno,25,MIDLE_UP,7.4304924,3.272727,-2.1538463,1.3333335,-1.6091952,8.75,5.916667,2.8333333,-9.25,-3.0833335,-6.1666665,1.0,0.0,2.0,2.0,0.0,0.0,6,1,1,3,2,5,1.285,4.495,11.15,1.825,1.925
19,2,U,N,N,N,0,1,Sigma Olomouc,16,BOTTOM_TABLE,-2.8987617,-2.2727275,1.0666667,-2.1176472,3.4166667,6.2500005,4.25,2.0,-10.75,-3.7500002,-7.0,0.0,1.0,2.0,2.0,0.0,0.0,2,1,5,2,2,6,Viktoria Plze?,44,TOP_TABLE,40.435005,3.4878044,2.8070183,3.4571438,3.375,13.0,7.166667,5.8333335,-5.0,-1.8333335,-3.1666667,0.0,0.0,2.0,2.0,0.0,0.0,8,6,1,1,0,2,5.3050003,3.72,1.615,1.76,1.985
19,1,O,Y,Y,Y,3,4,Slavia Praha,30,TOP_TABLE,20.692438,0.1875,3.1538467,-1.333334,2.594204,10.083334,5.6666665,4.416667,-5.916667,-3.3333333,-2.5833335,1.0,0.0,2.0,1.0,0.0,0.0,4,4,4,2,1,3,Banik Ostrava,7,BOTTOM_TABLE,-15.978306,8.0,-2.8620682,-2.875,-2.0,5.116667,3.4166667,1.7,-12.883333,-5.5833335,-7.2999997,1.0,1.0,2.0,3.0,0.0,0.0,2,0,1,0,6,9,1.17,6.105,16.5,1.6,2.25
19,1,U,Y,N,N,1,2,Zbrojovka Brno,25,MIDLE_UP,5.343536,-2.0869565,3.272727,-2.1538463,1.3333335,8.75,5.916667,2.8333333,-10.25,-3.0833335,-7.1666665,1.0,0.0,2.0,2.0,0.0,0.0,6,1,1,3,2,6,Zlin,24,MIDLE_UP,-2.0896826,-2.25,-7.0,-1.6476192,0.46666622,8.785714,5.5,3.2857144,-10.214286,-4.5,-5.714286,1.0,1.0,2.0,3.0,0.0,0.0,5,2,1,2,4,5,2.02,3.15,3.77,2.225,1.615
20,1,O,Y,Y,Y,2,3,Vyso?ina Jihlava,17,BOTTOM_TABLE,4.0671773,-1.7608695,1.8125,-2.2000003,1.5333333,7.092857,4.166667,2.9261906,-9.907143,-2.8333335,-7.0738096,0.0,1.0,2.0,3.0,0.0,0.0,2,2,5,0,2,8,Sigma Olomouc,16,BOTTOM_TABLE,-5.5351253,-2.6363635,-2.2727275,1.0666667,-2.1176472,6.2500005,4.25,2.0,-11.75,-4.75,-7.0,0.0,1.0,2.0,2.0,0.0,0.0,2,1,5,2,3,6,2.3700001,3.1533334,3.0933335,2.1299999,1.7033334
20,X,U,Y,N,Y,1,2,Bohemians 1905,21,MIDLE_DOWN,13.377497,1.0,3.294118,0.9333334,2.8717952,7.6666665,4.5833335,3.0833335,-10.333333,-4.4166665,-5.916667,0.0,1.0,2.0,2.0,0.0,0.0,4,0,3,6,2,4,Teplice,21,MIDLE_DOWN,0.5853553,-2.34375,-2.487805,3.1111114,-1.3921568,8.245238,5.166667,3.0785713,-10.754762,-4.8333335,-5.921428,0.0,1.0,2.0,4.0,0.0,0.0,4,2,3,0,3,7,1.915,3.395,3.82,1.9649999,1.785
20,1,O,N,N,Y,0,3,Mlada Boleslav,35,TOP_TABLE,26.326513,3.25,-2.1578941,3.8620682,0.66666603,11.442857,6.7761908,4.666667,-7.557143,-2.2238097,-5.333333,1.0,1.0,4.0,2.0,0.0,0.0,7,3,1,4,1,3,Slavia Praha,33,TOP_TABLE,23.959105,3.2666664,0.1875,3.1538467,-1.333334,10.833334,6.4166665,4.416667,-6.166667,-3.5833333,-2.5833335,1.0,0.0,2.0,1.0,0.0,0.0,5,4,4,2,1,3,2.0566666,3.3266666,3.6533334,1.9433333,1.8566667
20,1,O,Y,Y,Y,2,3,Sparta Praha,41,TOP_TABLE,35.663433,3.1578941,2.6476173,3.875,2.6091957,12.333334,8.166666,4.1666665,-4.666667,-0.8333334,-3.8333333,1.0,0.0,3.0,2.0,0.0,0.0,9,4,0,2,0,3,Jablonec,26,MIDLE_UP,17.882215,3.086956,-1.4068966,3.1999998,-1.8717947,9.833333,5.3333335,4.5,-8.166667,-3.6666667,-4.5,1.0,1.0,2.0,3.0,0.0,0.0,3,3,5,3,2,3,1.3199999,4.6800003,9.475,1.775,1.975
20,X,U,N,N,N,0,0,Slovan Liberec,35,TOP_TABLE,23.117346,3.34375,2.4068966,-2.5263157,2.333334,11.100001,6.85,4.25,-7.9000006,-2.15,-5.75,1.0,1.0,3.0,2.0,0.0,0.0,8,2,1,4,0,4,Slovacko,26,MIDLE_UP,6.2093725,2.7608697,3.0,-1.8070176,2.392157,8.188095,5.4880958,2.7000003,-10.811905,-4.5119047,-6.3,1.0,1.0,3.0,2.0,0.0,0.0,6,2,1,1,3,6,1.46,4.1333337,7.48,1.6766666,2.18
20,2,O,Y,Y,Y,3,3,Banik Ostrava,7,BOTTOM_TABLE,-18.244972,-2.2666664,8.0,-2.8620682,-2.875,5.366667,3.4166667,1.95,-13.633333,-5.5833335,-8.049999,1.0,1.0,2.0,3.0,0.0,0.0,2,0,1,0,6,10,Dukla Praha,22,MIDLE_DOWN,11.483749,-2.294118,3.5263157,-2.4571428,3.125,8.561905,6.133333,2.4285715,-8.438095,-2.8666668,-5.5714283,1.0,1.0,2.0,3.0,0.0,0.0,5,0,2,5,2,4,4.56,3.465,1.74,2.135,1.66
20,1,O,Y,N,N,1,4,Viktoria Plze?,47,TOP_TABLE,44.07137,3.636364,3.4878044,2.8070183,3.4571438,14.0,7.166667,6.8333335,-5.0,-1.8333335,-3.1666667,0.0,0.0,2.0,2.0,0.0,0.0,8,7,1,1,0,2,P?ibram,21,MIDLE_DOWN,0.7831211,1.0,-2.0,-2.1111112,3.1176472,7.55,3.6333332,3.9166667,-10.45,-5.366667,-5.0833335,1.0,1.0,3.0,2.0,0.0,0.0,3,3,2,1,5,5,1.21,5.69,12.95,1.5,2.45
20,X,U,Y,Y,Y,2,2,Jablonec,26,MIDLE_UP,16.18303,-1.6991863,3.086956,-1.4068966,3.1999998,10.166666,5.3333335,4.8333335,-8.833334,-3.6666667,-5.1666665,1.0,1.0,2.0,3.0,0.0,0.0,3,3,5,3,2,4,Banik Ostrava,7,BOTTOM_TABLE,-20.260124,-2.015152,-2.2666664,8.0,-2.8620682,5.7000003,3.75,1.95,-14.3,-6.25,-8.049999,1.0,1.0,2.0,3.0,0.0,0.0,2,0,1,0,7,10,1.17,6.5,19.0,1.5,2.5
21,1,U,Y,N,N,1,1,Slavia Praha,33,TOP_TABLE,22.568628,-1.3904762,3.2666664,0.1875,3.1538467,11.166667,6.4166665,4.7500005,-6.8333335,-3.5833333,-3.2500002,1.0,0.0,2.0,1.0,0.0,0.0,5,4,4,2,1,4,Zlin,24,MIDLE_DOWN,-4.1296825,-2.04,-2.25,-7.0,-1.6476192,8.785714,5.5,3.2857144,-11.214286,-4.5,-6.714286,1.0,1.0,2.0,3.0,0.0,0.0,5,2,1,2,4,6,1.28,5.113333,12.066667,1.79,2.02
21,X,U,N,N,N,0,0,Teplice,22,MIDLE_DOWN,1.5853553,1.0,-2.34375,-2.487805,3.1111114,8.745238,5.166667,3.5785713,-11.254762,-4.8333335,-6.421428,0.0,1.0,2.0,3.0,0.0,0.0,4,2,3,1,3,7,Mlada Boleslav,38,TOP_TABLE,28.71699,2.3904762,3.25,-2.1578941,3.8620682,12.109524,7.4428573,4.666667,-7.8904767,-2.557143,-5.333333,1.0,1.0,4.0,2.0,0.0,0.0,8,3,1,4,1,3,3.5833333,3.3333333,2.0766668,1.8133334,1.9933333
21,1,O,Y,N,Y,1,3,Slovacko,27,MIDLE_UP,7.5555263,1.3461537,2.7608697,3.0,-1.8070176,8.188095,5.4880958,2.7000003,-10.811905,-4.5119047,-6.3,1.0,1.0,3.0,2.0,0.0,0.0,6,2,1,2,3,6,Zbrojovka Brno,28,MIDLE_UP,8.383535,3.0399995,-2.0869565,3.272727,-2.1538463,9.75,6.916667,2.8333333,-10.25,-3.0833335,-7.1666665,1.0,0.0,2.0,2.0,0.0,0.0,7,1,1,3,2,6,1.885,3.455,3.875,1.9649999,1.785
21,2,U,Y,N,N,1,1,P?ibram,21,MIDLE_DOWN,-1.7700703,-2.5531914,1.0,-2.0,-2.1111112,7.55,3.6333332,3.9166667,-11.45,-5.366667,-6.0833335,1.0,1.0,3.0,2.0,0.0,0.0,3,3,2,1,5,6,Slovan Liberec,36,TOP_TABLE,23.771193,0.65384674,3.34375,2.4068966,-2.5263157,11.100001,6.85,4.25,-7.9000006,-2.15,-5.75,1.0,1.0,2.0,2.0,0.0,0.0,8,2,2,4,0,4,2.495,3.335,2.615,1.765,1.985
21,2,U,N,N,N,0,1,Dukla Praha,25,MIDLE_UP,14.498901,3.015152,-2.294118,3.5263157,-2.4571428,9.228572,6.133333,3.0952382,-8.771428,-2.8666668,-5.904762,1.0,1.0,2.0,3.0,0.0,0.0,5,1,2,5,2,4,Vyso?ina Jihlava,20,BOTTOM_TABLE,6.4593344,2.392157,-1.7608695,1.8125,-2.2000003,7.7595234,4.8333335,2.9261906,-10.240476,-3.1666667,-7.0738096,0.0,1.0,2.0,3.0,0.0,0.0,3,2,5,0,2,8,1.575,3.745,5.685,1.81,1.94
21,1,U,Y,N,N,1,2,Viktoria Plze?,50,TOP_TABLE,47.62456,3.5531921,3.636364,3.4878044,2.8070183,15.0,8.166667,6.8333335,-5.0,-1.8333335,-3.1666667,0.0,0.0,3.0,2.0,0.0,0.0,9,7,1,1,0,2,Bohemians 1905,22,MIDLE_DOWN,14.377497,1.0,1.0,3.294118,0.9333334,8.166666,5.0833335,3.0833335,-10.833333,-4.9166665,-5.916667,0.0,1.0,2.0,2.0,0.0,0.0,4,0,4,6,2,4,1.0699999,4.0,11.0,1.275,1.69
21,2,U,N,N,N,0,2,Sigma Olomouc,16,BOTTOM_TABLE,-6.9272823,-1.3921571,-2.6363635,-2.2727275,1.0666667,6.583334,4.25,2.3333333,-12.416667,-4.75,-7.6666665,0.0,1.0,2.0,2.0,0.0,0.0,2,1,5,2,3,7,Sparta Praha,44,TOP_TABLE,38.36262,2.6991882,3.1578941,2.6476173,3.875,13.000001,8.833333,4.1666665,-5.0000005,-1.1666667,-3.8333333,1.0,0.0,3.0,2.0,0.0,0.0,10,4,0,2,0,3,5.725,3.85,1.54,1.89,1.86
21,2,O,Y,Y,Y,2,4,Vyso?ina Jihlava,23,BOTTOM_TABLE,9.709334,3.25,2.392157,-1.7608695,1.8125,8.759523,4.8333335,3.9261906,-10.240476,-3.1666667,-7.0738096,0.0,1.0,2.0,3.0,0.0,0.0,3,3,5,0,2,8,P?ibram,21,MIDLE_DOWN,-4.186737,-2.4166667,-2.5531914,1.0,-2.0,7.55,3.6333332,3.9166667,-12.45,-6.366667,-6.0833335,1.0,1.0,3.0,2.0,0.0,0.0,3,3,2,1,6,6,2.06,3.25,3.4499998,2.06,1.7
22,X,U,N,N,N,0,0,Zlin,24,MIDLE_DOWN,-6.4024096,-2.272727,-2.04,-2.25,-7.0,8.785714,5.5,3.2857144,-12.214286,-4.5,-7.714286,1.0,1.0,2.0,3.0,0.0,0.0,5,2,1,2,4,7,Sigma Olomouc,16,BOTTOM_TABLE,-9.563646,-2.636364,-1.3921571,-2.6363635,-2.2727275,6.583334,4.25,2.3333333,-13.416667,-5.75,-7.6666665,0.0,1.0,2.0,2.0,0.0,0.0,2,1,5,2,4,7,2.1233332,3.2233334,3.5533333,2.2166667,1.6566668
22,1,O,Y,Y,N,2,3,Zbrojovka Brno,28,MIDLE_UP,7.013165,-1.3703704,3.0399995,-2.0869565,3.272727,10.083333,6.916667,3.1666665,-10.916667,-3.0833335,-7.833333,1.0,0.0,2.0,2.0,0.0,0.0,7,1,1,3,2,7,Dukla Praha,25,MIDLE_UP,12.248901,-2.25,3.015152,-2.294118,3.5263157,9.228572,6.133333,3.0952382,-9.771428,-3.8666668,-5.904762,1.0,1.0,2.0,3.0,0.0,0.0,5,1,2,5,3,4,2.605,3.02,2.74,2.225,1.615
22,1,U,N,N,N,0,2,Bohemians 1905,22,BOTTOM_TABLE,11.817497,-2.5599995,1.0,1.0,3.294118,8.166666,5.0833335,3.0833335,-11.833333,-4.9166665,-6.916667,0.0,1.0,2.0,2.0,0.0,0.0,4,0,4,6,2,5,Slovacko,30,MIDLE_UP,9.925897,2.3703704,1.3461537,2.7608697,3.0,8.854762,6.1547623,2.7000003,-11.145238,-4.845238,-6.3,1.0,1.0,3.0,2.0,0.0,0.0,7,2,1,2,3,6,1.6800001,3.545,4.88,1.95,1.8
22,2,O,Y,Y,Y,2,3,Banik Ostrava,8,BOTTOM_TABLE,-16.545837,3.7142868,-2.015152,-2.2666664,8.0,6.2000003,3.75,2.45,-14.8,-6.25,-8.549999,1.0,1.0,2.0,3.0,0.0,0.0,2,0,1,1,7,10,Teplice,23,MIDLE_DOWN,3.312628,1.7272727,1.0,-2.34375,-2.487805,8.745238,5.166667,3.5785713,-11.254762,-4.8333335,-6.421428,0.0,1.0,2.0,3.0,0.0,0.0,4,2,4,1,3,7,3.4066665,3.3966665,2.1066666,1.8233333,1.9633335
22,1,U,N,N,N,0,1,Mlada Boleslav,39,TOP_TABLE,28.989717,0.27272797,2.3904762,3.25,-2.1578941,12.109524,7.4428573,4.666667,-7.8904767,-2.557143,-5.333333,1.0,1.0,4.0,2.0,0.0,0.0,8,3,1,5,1,3,Jablonec,27,MIDLE_UP,14.468743,-1.7142859,-1.6991863,3.086956,-1.4068966,10.666666,5.8333335,4.8333335,-9.333334,-4.166667,-5.1666665,1.0,1.0,2.0,3.0,0.0,0.0,3,3,6,3,2,4,1.8,3.615,3.97,1.89,1.86
22,2,U,Y,N,N,1,1,Slovan Liberec,39,TOP_TABLE,27.187859,3.416666,0.65384674,3.34375,2.4068966,12.100001,6.85,5.25,-7.9000006,-2.15,-5.75,1.0,1.0,2.0,2.0,0.0,0.0,8,3,2,4,0,4,Viktoria Plze?,53,TOP_TABLE,51.184563,3.5600014,3.5531921,3.636364,3.4878044,16.0,9.166667,6.8333335,-5.0,-1.8333335,-3.1666667,0.0,0.0,2.0,2.0,0.0,0.0,10,7,1,1,0,2,3.3400002,3.4166667,2.1233332,1.9333334,1.8666667
22,1,O,Y,N,Y,1,4,Sparta Praha,47,TOP_TABLE,41.998985,3.636364,2.6991882,3.1578941,2.6476173,14.000001,8.833333,5.1666665,-5.0000005,-1.1666667,-3.8333333,1.0,0.0,3.0,2.0,0.0,0.0,10,5,0,2,0,3,Slavia Praha,36,TOP_TABLE,25.841356,3.272728,-1.3904762,3.2666664,0.1875,12.166667,7.4166665,4.7500005,-6.8333335,-3.5833333,-3.2500002,1.0,0.0,2.0,1.0,0.0,0.0,6,4,4,2,1,4,1.495,3.9450002,6.455,1.785,1.9649999
22,1,O,Y,Y,Y,3,8,Sigma Olomouc,17,BOTTOM_TABLE,-8.063646,1.5,-2.636364,-1.3921571,-2.6363635,6.583334,4.25,2.3333333,-13.416667,-5.75,-7.6666665,0.0,1.0,2.0,2.0,0.0,0.0,2,1,5,3,4,7,Banik Ostrava,8,BOTTOM_TABLE,-18.531345,-1.985508,3.7142868,-2.015152,-2.2666664,6.533334,4.0833335,2.45,-15.466667,-6.9166665,-8.549999,1.0,1.0,2.0,3.0,0.0,0.0,2,0,1,1,8,10,1.48,4.0033336,7.1800003,1.9933333,1.8133334
23,2,U,N,N,N,0,1,Teplice,26,MIDLE_UP,6.2981358,2.9855077,1.7272727,1.0,-2.34375,9.411905,5.166667,4.245238,-11.588095,-4.8333335,-6.7547617,0.0,1.0,2.0,3.0,0.0,0.0,4,3,4,1,3,7,Zbrojovka Brno,31,MIDLE_UP,10.120308,3.107143,-1.3703704,3.0399995,-2.0869565,11.083333,7.916667,3.1666665,-10.916667,-3.0833335,-7.833333,1.0,0.0,2.0,2.0,0.0,0.0,8,1,1,3,2,7,1.815,3.32,4.3450003,2.025,1.725
23,1,U,Y,N,N,1,2,Slovacko,30,MIDLE_UP,7.56226,-2.3636365,2.3703704,1.3461537,2.7608697,8.854762,6.1547623,2.7000003,-12.145238,-4.845238,-7.3,1.0,1.0,3.0,2.0,0.0,0.0,7,2,1,2,3,7,Sparta Praha,50,TOP_TABLE,44.73303,2.7340431,3.636364,2.6991882,3.1578941,14.750001,9.583333,5.1666665,-5.2500005,-1.4166667,-3.8333333,1.0,0.0,3.0,2.0,0.0,0.0,11,5,0,2,0,3,7.09,3.9850001,1.455,1.75,2.0
23,2,O,Y,N,Y,1,5,P?ibram,24,MIDLE_DOWN,-1.5914989,2.5952382,-2.4166667,-2.5531914,1.0,8.3,3.6333332,4.666667,-12.7,-6.366667,-6.3333335,1.0,1.0,3.0,2.0,0.0,0.0,3,4,2,1,6,6,Mlada Boleslav,42,TOP_TABLE,32.29741,3.3076916,0.27272797,2.3904762,3.25,13.109524,8.442858,4.666667,-7.8904767,-2.557143,-5.333333,1.0,1.0,4.0,2.0,0.0,0.0,9,3,1,5,1,3,3.275,3.3400002,2.0949998,1.95,1.8
23,1,O,Y,Y,Y,2,4,Jablonec,27,MIDLE_UP,12.161051,-2.3076925,-1.7142859,-1.6991863,3.086956,10.666666,5.8333335,4.8333335,-10.333334,-4.166667,-6.1666665,1.0,1.0,2.0,3.0,0.0,0.0,3,3,6,3,2,5,Zlin,25,MIDLE_DOWN,-5.9024096,0.5,-2.272727,-2.04,-2.25,8.785714,5.5,3.2857144,-12.214286,-4.5,-7.714286,1.0,1.0,2.0,3.0,0.0,0.0,5,2,2,2,4,7,1.345,4.425,8.66,1.715,2.05
23,2,U,Y,N,N,1,1,Bohemians 1905,25,MIDLE_DOWN,15.181133,3.363636,-2.5599995,1.0,1.0,9.166666,6.0833335,3.0833335,-11.833333,-4.9166665,-6.916667,0.0,1.0,2.0,2.0,0.0,0.0,5,0,4,6,2,5,Slovan Liberec,39,TOP_TABLE,24.923708,-2.2641506,3.416666,0.65384674,3.34375,12.100001,6.85,5.25,-8.900001,-3.15,-5.75,1.0,1.0,2.0,2.0,0.0,0.0,8,3,2,4,1,4,2.645,3.0949998,2.63,2.025,1.75
23,1,U,Y,N,N,1,2,Viktoria Plze?,56,TOP_TABLE,54.448715,3.2641525,3.5600014,3.5531921,3.636364,17.0,9.166667,7.8333335,-5.0,-1.8333335,-3.1666667,0.0,0.0,2.0,2.0,0.0,0.0,10,8,1,1,0,2,Vyso?ina Jihlava,23,BOTTOM_TABLE,8.114097,-1.5952377,3.25,2.392157,-1.7608695,9.009523,5.0833335,3.9261906,-10.990476,-3.9166667,-7.0738096,1.0,1.0,2.0,3.0,0.0,0.0,3,3,5,0,3,8,1.1543332,7.6800003,14.833333,1.4499999,2.6633332
23,2,U,Y,N,N,1,1,Dukla Praha,25,MIDLE_DOWN,10.141758,-2.1071434,-2.25,3.015152,-2.294118,9.228572,6.133333,3.0952382,-10.771428,-3.8666668,-6.904762,1.0,1.0,2.0,3.0,0.0,0.0,5,1,2,5,3,5,Slavia Praha,36,TOP_TABLE,24.107313,-1.7340431,3.272728,-1.3904762,3.2666664,12.416667,7.4166665,5.0000005,-7.5833335,-3.5833333,-4.0,1.0,0.0,2.0,2.0,0.0,0.0,6,4,4,2,1,5,2.56,3.325,2.57,2.01,1.75
23,1,O,Y,Y,Y,2,3,Zbrojovka Brno,34,MIDLE_UP,13.281598,3.1612902,3.107143,-1.3703704,3.0399995,12.083333,7.916667,4.1666665,-10.916667,-3.0833335,-7.833333,1.0,0.0,2.0,2.0,0.0,0.0,8,2,1,3,2,7,Bohemians 1905,25,MIDLE_DOWN,12.822159,-2.3589745,3.363636,-2.5599995,1.0,9.166666,6.0833335,3.0833335,-12.833333,-5.9166665,-6.916667,0.0,1.0,2.0,2.0,0.0,0.0,5,0,4,6,3,5,2.1,3.2,3.6,2.3,1.6
24,1,O,Y,Y,Y,2,3,Vyso?ina Jihlava,23,BOTTOM_TABLE,5.524811,-2.5892859,-1.5952377,3.25,2.392157,9.009523,5.0833335,3.9261906,-11.990476,-3.9166667,-8.07381,1.0,1.0,2.0,3.0,0.0,0.0,3,3,5,0,3,9,Teplice,26,MIDLE_UP,4.1368456,-2.1612902,2.9855077,1.7272727,1.0,9.411905,5.166667,4.245238,-12.588095,-5.8333335,-6.7547617,0.0,1.0,2.0,3.0,0.0,0.0,4,3,4,1,4,7,2.4,3.3,2.9,2.25,1.63
24,1,O,Y,N,Y,1,3,Slovan Liberec,42,TOP_TABLE,28.282682,3.3589745,-2.2641506,3.416666,0.65384674,13.100001,6.85,6.25,-8.900001,-3.15,-5.75,1.0,1.0,2.0,2.0,0.0,0.0,8,4,2,4,1,4,Sigma Olomouc,20,BOTTOM_TABLE,-5.0342345,3.0294118,1.5,-2.636364,-1.3921571,7.333334,5.0,2.3333333,-13.666667,-6.0,-7.6666665,0.0,1.0,2.0,2.0,0.0,0.0,3,1,5,3,4,7,1.62,4.0,5.0,1.9,1.9
24,X,U,N,N,N,0,0,Slavia Praha,39,TOP_TABLE,27.412868,3.3055553,-1.7340431,3.272728,-1.3904762,13.416667,7.4166665,6.0000005,-7.5833335,-3.5833333,-4.0,1.0,0.0,2.0,2.0,0.0,0.0,6,5,4,2,1,5,Jablonec,30,MIDLE_UP,14.735125,2.5740738,-2.3076925,-1.7142859,-1.6991863,11.416666,6.5833335,4.8333335,-10.583334,-4.416667,-6.1666665,1.0,1.0,2.0,3.0,0.0,0.0,4,3,6,3,2,5,2.1,3.2,3.6,2.15,1.67
24,1,O,Y,N,Y,1,3,Banik Ostrava,8,BOTTOM_TABLE,-20.560757,-2.0294113,-1.985508,3.7142868,-2.015152,6.783334,4.0833335,2.7,-16.216667,-6.9166665,-9.299999,1.0,1.0,2.0,3.0,0.0,0.0,2,0,1,1,8,11,Slovacko,33,MIDLE_UP,11.228927,3.6666665,-2.3636365,2.3703704,1.3461537,9.854762,7.1547623,2.7000003,-12.145238,-4.845238,-7.3,1.0,1.0,3.0,2.0,0.0,0.0,8,2,1,2,3,7,3.1,3.3,2.25,2.1,1.7
24,X,O,Y,Y,Y,2,4,Mlada Boleslav,45,TOP_TABLE,34.92598,2.6285706,3.3076916,0.27272797,2.3904762,13.709524,8.442858,5.266667,-8.290477,-2.557143,-5.733333,1.0,1.0,4.0,2.0,0.0,0.0,9,4,1,5,1,3,Dukla Praha,25,MIDLE_DOWN,7.8362026,-2.3055553,-2.1071434,-2.25,3.015152,9.228572,6.133333,3.0952382,-11.771428,-4.866667,-6.904762,1.0,1.0,2.0,3.0,0.0,0.0,5,1,2,5,4,5,1.55,3.9,6.0,1.75,2.05
24,2,O,Y,N,Y,1,3,Zlin,25,MIDLE_DOWN,-7.4764833,-1.5740738,0.5,-2.272727,-2.04,9.035714,5.5,3.5357144,-12.964286,-4.5,-8.464286,1.0,1.0,2.0,3.0,0.0,0.0,5,2,2,2,4,8,Viktoria Plze?,59,TOP_TABLE,58.038002,3.5892868,3.2641525,3.5600014,3.5531921,18.0,10.166667,7.8333335,-5.0,-1.8333335,-3.1666667,0.0,0.0,2.0,2.0,0.0,0.0,11,8,1,1,0,2,9.0,4.2,1.4,1.83,1.98
24,1,O,Y,N,Y,1,3,Sparta Praha,50,TOP_TABLE,42.06636,-2.666668,2.7340431,3.636364,2.6991882,14.750001,9.583333,5.1666665,-6.2500005,-1.4166667,-4.833333,1.0,0.0,3.0,2.0,0.0,0.0,11,5,0,2,0,4,P?ibram,24,BOTTOM_TABLE,-3.2200704,-1.6285715,2.5952382,-2.4166667,-2.5531914,8.7,4.0333333,4.666667,-13.3,-6.9666667,-6.3333335,1.0,1.0,3.0,2.0,0.0,0.0,3,4,2,1,7,6,1.2,6.5,13.0,1.48,2.6
24,1,O,Y,Y,Y,4,7,Dukla Praha,26,MIDLE_DOWN,9.636203,1.8000002,-2.3055553,-2.1071434,-2.25,9.728572,6.133333,3.5952382,-12.271428,-4.866667,-7.404762,1.0,1.0,2.0,3.0,0.0,0.0,5,1,2,6,4,5,Jablonec,31,MIDLE_UP,16.035124,1.2999992,2.5740738,-2.3076925,-1.7142859,11.416666,6.5833335,4.8333335,-10.583334,-4.416667,-6.1666665,1.0,1.0,2.0,2.0,0.0,0.0,4,3,6,4,2,5,2.2,3.3,3.2,1.9,1.9
25,X,O,Y,Y,Y,2,4,Teplice,26,MIDLE_DOWN,2.6730776,-1.463768,-2.1612902,2.9855077,1.7272727,9.745238,5.166667,4.5785713,-13.254762,-5.8333335,-7.421428,0.0,1.0,2.0,3.0,0.0,0.0,4,3,4,1,4,8,Zlin,25,MIDLE_DOWN,-9.386087,-1.9096041,-1.5740738,0.5,-2.272727,9.369047,5.8333335,3.5357144,-13.630953,-5.1666665,-8.464286,1.0,1.0,2.0,3.0,0.0,0.0,5,2,2,2,5,8,1.7,3.6,5.0,2.02,1.77
25,2,U,Y,N,N,1,2,Slovacko,33,MIDLE_UP,6.770593,-4.4583335,3.6666665,-2.3636365,2.3703704,10.188095,7.1547623,3.0333335,-12.811905,-4.845238,-7.9666667,1.0,1.0,3.0,2.0,0.0,0.0,8,2,1,2,3,8,Mlada Boleslav,46,TOP_TABLE,35.12598,0.20000076,2.6285706,3.3076916,0.27272797,14.209524,8.942858,5.266667,-8.790477,-3.057143,-5.733333,1.0,1.0,4.0,2.0,0.0,0.0,9,4,2,5,1,3,3.775,3.65,1.99,1.835,2.02
25,X,U,N,N,Y,0,2,Sigma Olomouc,20,BOTTOM_TABLE,-6.8913774,-1.8571429,3.0294118,1.5,-2.636364,7.6666675,5.0,2.6666665,-14.333334,-6.0,-8.333333,0.0,1.0,2.0,2.0,0.0,0.0,3,1,5,3,4,8,Slavia Praha,40,TOP_TABLE,28.11287,0.70000076,3.3055553,-1.7340431,3.272728,13.416667,7.4166665,6.0000005,-7.5833335,-3.5833333,-4.0,1.0,0.0,2.0,2.0,0.0,0.0,6,5,5,2,1,5,3.6,3.2,2.1,2.1,1.7
25,2,O,N,N,Y,0,3,P?ibram,24,BOTTOM_TABLE,-5.0734034,-1.853333,-1.6285715,2.5952382,-2.4166667,9.033333,4.0333333,5.0000005,-13.966667,-6.9666667,-7.0,1.0,1.0,3.0,2.0,0.0,0.0,3,4,2,1,7,7,Banik Ostrava,11,BOTTOM_TABLE,-15.102424,5.458333,-2.0294113,-1.985508,3.7142868,7.4500003,4.75,2.7,-16.550001,-7.25,-9.299999,1.0,1.0,2.0,3.0,0.0,0.0,3,0,1,1,8,11,1.33,5.25,9.0,1.73,2.08
25,1,U,Y,Y,N,2,2,Slovan Liberec,45,TOP_TABLE,31.139826,2.8571434,3.3589745,-2.2641506,3.416666,13.766668,7.5166664,6.25,-9.233334,-3.4833333,-5.75,1.0,1.0,2.0,2.0,0.0,0.0,9,4,2,4,1,4,Vyso?ina Jihlava,26,MIDLE_DOWN,7.988579,2.463768,-2.5892859,-1.5952377,3.25,9.67619,5.75,3.9261906,-12.323809,-4.25,-8.07381,1.0,1.0,2.0,3.0,0.0,0.0,4,3,5,0,3,9,1.5,4.2,6.5,2.0,1.8
25,1,O,Y,Y,Y,2,3,Viktoria Plze?,62,TOP_TABLE,60.947605,2.909603,3.5892868,3.2641525,3.5600014,18.666666,10.166667,8.5,-5.3333335,-1.8333335,-3.5,0.0,0.0,2.0,2.0,0.0,0.0,11,9,1,1,0,2,Zbrojovka Brno,37,MIDLE_UP,15.879638,2.5980396,3.1612902,3.107143,-1.3703704,12.75,8.583334,4.1666665,-11.25,-3.4166667,-7.833333,1.0,0.0,2.0,2.0,0.0,0.0,9,2,1,3,2,7,1.2,6.0,15.0,1.63,2.25
25,X,O,Y,Y,Y,2,4,Bohemians 1905,25,MIDLE_DOWN,11.224119,-1.5980396,-2.3589745,3.363636,-2.5599995,9.499999,6.0833335,3.4166667,-13.5,-5.9166665,-7.5833335,0.0,1.0,2.0,2.0,0.0,0.0,5,0,4,6,3,6,Sparta Praha,53,TOP_TABLE,44.919693,2.8533325,-2.666668,2.7340431,3.636364,15.416668,10.25,5.1666665,-6.583334,-1.7500001,-4.833333,1.0,0.0,3.0,2.0,0.0,0.0,12,5,0,2,0,4,6.0,4.0,1.53,2.0,1.8
