week,headOutcome,scoreOutcome,ht1pOutcome,ht2pOutcome,ggOutcome,totHtScore,totFtScore,t1,t1Points,t1Classification,t1Form,t1Form1Diff,t1Form2Diff,t1Form3Diff,t1Form4Diff,t1Atack,t1AtackIn,t1AtackOut,t1Defense,t1DefenseIn,t1DefenseOut,t1AvgHtScoreIn,t1AvgHtScoreOut,t1AvgFtScoreIn,t1AvgFtScoreOut,t1AvgHtGgResult,t1AvgFtGgResult,t1WinsIn,t1WinsOut,t1DrawsIn,t1DrawsOut,t1LosesIn,t1LosesOut,t2,t2Points,t2Classification,t2Form,t2Form1Diff,t2Form2Diff,t2Form3Diff,t2Form4Diff,t2Atack,t2AtackIn,t2AtackOut,t2Defense,t2DefenseIn,t2DefenseOut,t2AvgHtScoreIn,t2AvgHtScoreOut,t2AvgFtScoreIn,t2AvgFtScoreOut,t2AvgHtGgResult,t2AvgFtGgResult,t2WinsIn,t2WinsOut,t2DrawsIn,t2DrawsOut,t2LosesIn,t2LosesOut,bet_1,bet_X,bet_2,bet_O,bet_U,t1Ht,t2Ht,t1Ft,t2Ft,matchTime
5,1,U,Y,N,N,1,2,Deportivo Moron,4,MIDLE_DOWN,0.666667,1.0,2.3333335,-1.3333333,-1.3333333,1.3333334,1.0,0.33333334,-1.6666667,-1.0,-0.6666667,1.0,0.0,3.0,1.0,0.0,0.0,1,0,0,1,1,1,Acassuso,4,MIDLE_UP,2.0,3.0,1.0,-2.0,0.0,1.0,1.0,0.0,-1.0,-1.0,0.0,2.0,0.0,3.0,0.0,0.0,0.0,1,0,0,1,1,0,2.117,2.927,3.417,2.325,1.57,1,0,2,0,NA
5,1,U,N,N,N,0,1,UAI Urquiza,7,TOP_TABLE,5.2666664,2.5999997,1.0,-1.3333333,3.0,2.1333334,1.0,1.1333333,-0.8666667,0.0,-0.8666667,0.0,3.0,0.0,4.0,0.0,0.0,1,1,1,0,0,1,Tristan Suarez,9,TOP_TABLE,6.3333335,3.0,3.0,-2.0,2.3333335,2.6666667,1.0,1.6666667,-1.3333334,-1.0,-0.33333334,2.0,1.0,3.0,2.0,0.0,0.0,1,2,0,0,1,0,1.877,3.167,3.867,2.275,1.595,0,0,1,0,NA
5,2,U,Y,N,N,1,1,Platense,6,MIDLE_UP,3.3333337,2.3333335,2.3333335,-1.3333333,0.0,1.6666667,0.6666667,1.0,-1.3333334,-0.33333334,-1.0,0.0,0.0,3.0,3.0,0.0,1.0,1,1,0,0,0,1,Almirante Brown,4,MIDLE_DOWN,2.3841858E-7,-2.0,1.0,2.3333335,-1.3333333,1.5,0.6666667,0.8333334,-2.5,-1.3333334,-1.1666667,1.0,1.0,2.0,2.0,0.0,0.0,1,0,0,1,1,1,2.35,2.967,2.977,2.325,1.585,0,1,0,1,NA
5,2,U,Y,N,N,1,2,Fenix,3,BOTTOM_TABLE,0.3333335,3.0,-1.3333333,-1.3333333,0.0,1.6666667,0.33333334,1.3333334,-1.3333334,-0.6666667,-0.6666667,1.0,0.0,3.0,2.0,0.0,0.0,0,1,0,0,1,1,Defensores de Belgrano,3,BOTTOM_TABLE,1.0,1.0,1.0,1.0,-2.0,1.0,1.0,0.0,-2.0,-1.0,-1.0,2.0,0.0,2.0,0.0,0.0,0.0,0,0,2,1,0,1,2.2,2.9,3.283,2.88,1.4,0,1,0,2,NA
5,1,U,N,N,N,0,2,Talleres Remedios,4,BOTTOM_TABLE,0.79999995,-2.0,3.0,-1.2,1.0,1.9,1.5,0.4,-2.1,-0.5,-1.6,1.0,4.0,3.0,5.0,0.0,0.0,1,0,1,0,0,2,Colegiales,1,BOTTOM_TABLE,-3.0,1.0,-2.0,-2.0,0.0,0.0,0.0,0.0,-2.0,-1.0,-1.0,0.0,2.0,1.0,5.0,0.0,0.0,0,0,1,0,1,1,2.3,2.967,3.05,2.675,1.44,0,0,2,0,NA
5,2,U,Y,N,N,1,2,Deportivo Espanol,6,MIDLE_DOWN,1.3333335,2.3333335,-2.0,-2.0,3.0,1.6666667,1.0,0.6666667,-2.3333333,-1.0,-1.3333334,0.0,1.0,1.0,2.0,0.0,0.0,1,1,0,0,1,1,Atlanta,9,TOP_TABLE,6.366667,2.5000002,-1.3333333,2.1999998,3.0,2.6833334,1.35,1.3333334,-1.3166667,-0.65,-0.6666667,3.0,1.0,4.0,3.0,0.0,0.0,2,1,0,0,0,1,2.677,2.883,2.627,2.75,1.42,0,1,0,2,NA
5,X,U,Y,N,Y,1,2,Barracas Central,6,MIDLE_UP,5.3333335,1.0,1.0,1.0,2.3333335,1.6666667,1.1666667,0.5,-1.3333334,-0.8333334,-0.5,1.0,1.0,2.0,1.0,0.0,0.0,1,0,1,2,0,0,Deportivo Riestra,9,TOP_TABLE,6.733334,-1.5999999,3.0000005,3.0,2.3333335,2.8666668,1.2,1.6666667,-1.1333333,-0.8,-0.33333334,2.0,1.0,3.0,2.0,0.0,0.0,1,2,0,0,1,0,2.2,2.88,3.2,2.35,1.57,0,1,1,1,NA
5,2,O,Y,N,Y,1,3,Villa San Carlos,4,BOTTOM_TABLE,-0.6666665,-2.0,-2.0,1.0,2.3333335,1.1666667,0.6666667,0.5,-2.8333335,-1.3333334,-1.5,0.0,2.0,2.0,2.0,0.0,0.0,1,0,0,1,1,1,Estudiantes Caseros,5,MIDLE_DOWN,3.0000002,-1.3333333,1.0,2.3333335,1.0,2.0,1.0,1.0,-2.0,-1.0,-1.0,1.0,1.0,3.0,3.0,0.0,1.0,1,0,0,2,1,0,2.133,2.943,3.333,2.35,1.57,1,0,1,2,NA
5,2,U,Y,N,N,1,2,Excursionistas,4,MIDLE_DOWN,1.1666667,-1.5,1.0,3.0,-1.3333333,2.0833335,0.8333334,1.25,-1.9166667,-1.1666667,-0.75,1.0,2.0,2.0,3.0,0.0,0.0,0,1,1,0,1,1,Comunicaciones,7,MIDLE_UP,5.0,1.0,-2.0,3.0,3.0,2.0,1.0,1.0,-1.0,0.0,-1.0,1.0,0.0,2.0,1.0,0.0,0.0,1,1,1,0,0,1,2.575,2.89,2.625,2.3,1.6,0,1,0,2,NA
6,2,O,Y,N,N,1,3,Tristan Suarez,9,TOP_TABLE,4.0476193,-2.2857141,3.0,3.0,-2.0,2.6666667,1.0,1.6666667,-2.3333335,-1.0,-1.3333334,2.0,1.0,3.0,1.0,0.0,0.0,1,2,0,0,1,1,Barracas Central,7,MIDLE_UP,6.8333335,1.5,1.0,1.0,1.0,2.1666667,1.6666667,0.5,-1.8333334,-1.3333334,-0.5,1.0,1.0,2.0,1.0,0.0,0.0,1,0,2,2,0,0,2.2,2.9,3.25,1.0,1.0,0,1,0,3,NA
6,1,U,N,N,N,0,1,Estudiantes Caseros,8,TOP_TABLE,5.533334,2.5333335,-1.3333333,1.0,2.3333335,2.6666667,1.0,1.6666667,-2.3333333,-1.0,-1.3333334,1.0,1.0,3.0,3.0,0.0,1.0,1,1,0,2,1,0,UAI Urquiza,10,TOP_TABLE,8.552381,3.2857141,2.5999997,1.0,-1.3333333,3.1333334,2.0,1.1333333,-0.8666667,0.0,-0.8666667,0.0,3.0,0.0,4.0,0.0,0.0,2,1,1,0,0,1,1.837,3.183,4.1,2.325,1.565,0,0,1,0,NA
6,X,U,N,N,N,0,0,Deportivo Riestra,10,TOP_TABLE,7.233334,0.5,-1.5999999,3.0000005,3.0,3.3666668,1.2,2.1666667,-1.6333333,-0.8,-0.8333334,2.0,1.0,3.0,2.0,0.0,0.0,1,2,0,1,1,0,Fenix,3,BOTTOM_TABLE,-1.6666665,-2.0,3.0,-1.3333333,-1.3333333,1.6666667,0.33333334,1.3333334,-2.3333335,-1.6666667,-0.6666667,1.0,0.0,2.0,2.0,0.0,0.0,0,1,0,0,2,1,2.25,2.867,3.233,2.365,1.55,0,0,0,0,NA
6,X,U,Y,N,Y,1,2,Comunicaciones,10,TOP_TABLE,8.428572,3.4285717,1.0,-2.0,3.0,3.0,1.0,2.0,-1.0,0.0,-1.0,1.0,0.0,2.0,1.0,0.0,0.0,1,2,1,0,0,1,Deportivo Espanol,6,MIDLE_DOWN,-1.0,-2.3333335,2.3333335,-2.0,-2.0,1.6666667,1.0,0.6666667,-3.3333333,-2.0,-1.3333334,0.0,1.0,1.0,2.0,0.0,0.0,1,1,0,0,2,1,1.95,2.925,3.975,2.6,1.48,0,1,1,1,NA
6,X,U,Y,N,Y,1,2,Acassuso,4,MIDLE_DOWN,0.0,-2.0,3.0,1.0,-2.0,1.0,1.0,0.0,-2.0,-1.0,-1.0,2.0,0.0,3.0,1.0,0.0,0.0,1,0,0,1,1,1,Excursionistas,4,BOTTOM_TABLE,-1.2619047,-2.4285715,-1.5,1.0,3.0,2.0833335,0.8333334,1.25,-2.9166667,-2.1666667,-0.75,1.0,2.0,2.0,3.0,0.0,0.0,0,1,1,0,2,1,2.3,2.85,3.15,2.5,1.5,1,0,1,1,NA
6,X,U,N,N,N,0,0,Defensores de Belgrano,6,MIDLE_DOWN,4.0,3.0,1.0,1.0,1.0,2.0,1.0,1.0,-2.0,-1.0,-1.0,2.0,0.0,2.0,1.0,0.0,0.0,0,1,2,1,0,1,Platense,6,MIDLE_DOWN,0.83333373,-2.5,2.3333335,2.3333335,-1.3333333,1.6666667,0.6666667,1.0,-2.3333335,-1.3333334,-1.0,0.0,0.0,2.0,3.0,0.0,0.0,1,1,0,0,1,1,2.35,2.95,2.925,2.35,1.57,0,0,0,0,NA
6,1,O,Y,Y,Y,2,3,Almirante Brown,7,MIDLE_UP,3.5000002,3.5,-2.0,1.0,2.3333335,2.5,0.6666667,1.8333334,-2.5,-1.3333334,-1.1666667,1.0,1.0,2.0,2.0,0.0,0.0,1,1,0,1,1,1,San Telmo,4,MIDLE_DOWN,2.3841858E-7,-1.3333333,2.3333335,1.0,-2.0,1.0,0.33333334,0.6666667,-2.0,-0.6666667,-1.3333334,0.0,0.0,1.0,2.0,0.0,0.0,0,1,1,0,1,1,2.075,3.075,3.375,2.5,1.5,2,0,2,1,NA
6,2,O,N,N,Y,0,3,Colegiales,1,BOTTOM_TABLE,-5.75,-2.75,1.0,-2.0,-2.0,0.0,0.0,0.0,-3.0,-1.0,-2.0,0.0,1.0,1.0,3.0,0.0,0.0,0,0,1,0,1,2,Deportivo Moron,7,MIDLE_UP,3.666667,3.0,1.0,2.3333335,-1.3333333,2.3333335,2.0,0.33333334,-1.6666667,-1.0,-0.6666667,1.0,0.0,2.0,1.0,0.0,0.0,2,0,0,1,1,1,3.15,3.0,2.2,2.5,1.5,0,0,1,2,NA
6,X,O,Y,Y,Y,4,6,Atlanta,12,TOP_TABLE,9.7,3.333333,2.5000002,-1.3333333,2.1999998,3.6833334,1.35,2.3333335,-1.3166667,-0.65,-0.6666667,3.0,1.0,4.0,2.0,0.0,0.0,2,2,0,0,0,1,Villa San Carlos,4,BOTTOM_TABLE,-2.1999998,-1.5333333,-2.0,-2.0,1.0,1.5000001,1.0,0.5,-3.5000002,-2.0,-1.5,0.0,2.0,2.0,2.0,0.0,0.0,1,0,0,1,2,1,1.6,2.05,2.05,2.5,1.5,1,3,3,3,NA
7,1,U,Y,N,N,1,1,Tristan Suarez,9,MIDLE_UP,1.7619052,-2.2857141,-2.2857141,3.0,3.0,2.6666667,1.0,1.6666667,-3.3333335,-2.0,-1.3333334,1.0,1.0,3.0,1.0,0.0,0.0,1,2,0,0,2,1,Platense,7,MIDLE_DOWN,1.8333337,1.0,-2.5,2.3333335,2.3333335,1.6666667,0.6666667,1.0,-2.3333335,-1.3333334,-1.0,0.0,0.0,2.0,2.0,0.0,0.0,1,1,0,1,1,1,1.0,1.0,1.0,1.0,1.0,1,0,1,0,NA
7,2,O,Y,Y,Y,3,3,Talleres Remedios,7,MIDLE_DOWN,4.55,3.7500002,-2.0,3.0,-1.2,2.9,2.5,0.4,-2.1,-0.5,-1.6,0.0,4.0,2.0,5.0,0.0,0.0,2,0,1,0,0,2,Excursionistas,5,MIDLE_DOWN,-0.26190472,1.0,-2.4285715,-1.5,1.0,2.5833335,0.8333334,1.75,-3.4166667,-2.1666667,-1.25,1.0,2.0,2.0,3.0,0.0,0.0,0,1,1,1,2,1,1.95,3.1,3.94,2.4,1.53,1,2,1,2,NA
7,1,U,Y,N,N,1,1,Estudiantes Caseros,11,TOP_TABLE,8.783334,3.25,2.5333335,-1.3333333,1.0,3.6666667,2.0,1.6666667,-2.3333333,-1.0,-1.3333334,0.0,1.0,2.0,3.0,0.0,0.0,2,1,0,2,1,0,Fenix,4,BOTTOM_TABLE,1.6666667,3.3333333,-2.0,3.0,-1.3333333,1.6666667,0.33333334,1.3333334,-2.3333335,-1.6666667,-0.6666667,1.0,0.0,2.0,1.0,0.0,0.0,0,1,0,1,2,1,1.72,3.233,4.833,2.365,1.55,1,0,1,0,NA
7,1,O,Y,Y,Y,2,5,Comunicaciones,11,TOP_TABLE,8.761905,0.33333302,3.4285717,1.0,-2.0,3.5,1.5,2.0,-1.5,-0.5,-1.0,1.0,0.0,2.0,1.0,0.0,0.0,1,2,2,0,0,1,UAI Urquiza,10,MIDLE_UP,6.3023806,-2.25,3.2857141,2.5999997,1.0,3.1333334,2.0,1.1333333,-1.8666667,0.0,-1.8666667,0.0,2.0,0.0,3.0,0.0,0.0,2,1,1,0,0,2,2.175,3.025,3.275,2.35,1.57,2,0,4,1,NA
7,1,U,N,N,N,0,2,Colegiales,1,BOTTOM_TABLE,-7.9404764,-2.1904764,-2.75,1.0,-2.0,0.33333334,0.33333334,0.0,-3.6666667,-1.6666667,-2.0,0.0,1.0,2.0,3.0,0.0,0.0,0,0,1,0,2,2,Deportivo Espanol,7,MIDLE_DOWN,0.66666675,1.6666667,-2.3333335,2.3333335,-2.0,2.1666667,1.0,1.1666667,-3.8333333,-2.0,-1.8333334,0.0,1.0,1.0,2.0,0.0,0.0,1,1,0,1,2,1,3.175,2.975,2.225,2.42,1.52,0,0,2,0,NA
7,X,U,N,N,N,0,0,Acassuso,5,MIDLE_DOWN,1.0,1.0,-2.0,3.0,1.0,1.5,1.5,0.0,-2.5,-1.5,-1.0,1.0,0.0,2.0,1.0,0.0,0.0,1,0,1,1,1,1,Villa San Carlos,5,BOTTOM_TABLE,0.8000002,3.0,-1.5333333,-2.0,-2.0,2.0,1.0,1.0,-4.0,-2.0,-2.0,0.0,2.0,2.0,3.0,0.0,0.0,1,0,0,2,2,1,2.3,3.0,3.0,2.35,1.57,0,0,0,0,NA
7,1,U,N,N,N,0,1,Atlanta,13,TOP_TABLE,8.7,-1.0,3.333333,2.5000002,-1.3333333,4.1833334,1.85,2.3333335,-1.8166667,-1.15,-0.6666667,3.0,1.0,5.0,2.0,0.0,0.0,2,2,1,0,0,1,Barracas Central,10,MIDLE_UP,10.119048,3.2857146,1.5,1.0,1.0,3.1666667,1.6666667,1.5,-1.8333334,-1.3333334,-0.5,1.0,1.0,2.0,1.0,0.0,0.0,1,1,2,2,0,0,2.075,3.125,3.225,2.25,1.63,0,0,1,0,NA
7,2,O,Y,N,Y,1,3,Deportivo Riestra,11,TOP_TABLE,5.9000006,-1.3333335,0.5,-1.5999999,3.0000005,3.3666668,1.2,2.1666667,-1.6333333,-0.8,-0.8333334,1.0,1.0,2.0,2.0,0.0,0.0,1,2,1,1,1,0,San Telmo,4,BOTTOM_TABLE,-1.7619045,-1.7619047,-1.3333333,2.3333335,1.0,1.3333334,0.33333334,1.0,-2.6666667,-0.6666667,-2.0,0.0,1.0,1.0,2.0,0.0,0.0,0,1,1,0,1,2,2.217,2.943,3.2,2.5,1.5,0,1,1,2,NA
7,1,U,Y,N,N,1,1,Defensores de Belgrano,7,MIDLE_DOWN,5.0,1.0,3.0,1.0,1.0,2.0,1.0,1.0,-2.0,-1.0,-1.0,1.0,0.0,1.0,1.0,0.0,0.0,0,1,3,1,0,1,Almirante Brown,10,MIDLE_UP,6.261905,2.761905,3.5,-2.0,1.0,3.1666667,1.3333334,1.8333334,-2.8333333,-1.6666667,-1.1666667,1.0,1.0,2.0,2.0,0.0,0.0,2,1,0,1,1,1,2.267,2.883,3.267,2.725,1.435,1,0,1,0,NA
8,2,O,Y,Y,Y,2,3,Platense,7,MIDLE_DOWN,-0.3888886,-2.2222223,1.0,-2.5,2.3333335,1.6666667,0.6666667,1.0,-3.3333335,-1.3333334,-2.0,0.0,0.0,2.0,1.0,0.0,0.0,1,1,0,1,1,2,Estudiantes Caseros,14,TOP_TABLE,12.419697,3.636363,3.25,2.5333335,-1.3333333,4.666667,3.0,1.6666667,-2.3333333,-1.0,-1.3333334,0.0,1.0,2.0,3.0,0.0,0.0,3,1,0,2,1,0,3.033,2.883,2.337,2.735,1.425,0,2,1,2,NA
8,2,O,Y,Y,N,3,5,Almirante Brown,10,MIDLE_UP,3.8333337,-2.4285715,2.761905,3.5,-2.0,3.1666667,1.3333334,1.8333334,-3.8333333,-1.6666667,-2.1666667,1.0,1.0,2.0,1.0,0.0,0.0,2,1,0,1,1,2,Deportivo Riestra,11,TOP_TABLE,2.816667,-3.0833335,-1.3333335,0.5,-1.5999999,3.7,1.5333334,2.1666667,-2.3,-1.4666667,-0.8333334,1.0,1.0,2.0,2.0,0.0,0.0,1,2,1,1,2,0,2.225,3.0,3.125,2.35,1.57,0,3,0,5,NA
8,2,U,Y,N,N,1,1,Excursionistas,8,MIDLE_DOWN,2.4714289,2.7333336,1.0,-2.4285715,-1.5,3.2500002,0.8333334,2.4166667,-3.75,-2.1666667,-1.5833334,1.0,2.0,2.0,3.0,0.0,0.0,0,2,1,1,2,1,Deportivo Moron,10,MIDLE_UP,6.8571434,3.1904764,3.0,1.0,2.3333335,3.0000002,2.0,1.0,-2.0,-1.0,-1.0,1.0,0.0,2.0,2.0,0.0,0.0,2,1,0,1,1,1,2.975,3.0,2.325,2.35,1.57,0,1,0,1,NA
8,X,U,N,N,N,0,0,Barracas Central,10,MIDLE_UP,7.888279,-2.2307692,3.2857146,1.5,1.0,3.1666667,1.6666667,1.5,-2.8333335,-1.3333334,-1.5,1.0,0.0,2.0,1.0,0.0,0.0,1,1,2,2,0,1,Comunicaciones,14,TOP_TABLE,11.452814,2.6909094,0.33333302,3.4285717,1.0,4.3,2.3,2.0,-1.7,-0.7,-1.0,1.0,0.0,3.0,1.0,0.0,0.0,2,2,2,0,0,1,2.275,3.0,3.05,2.3,1.6,0,0,0,0,NA
8,1,U,Y,N,N,1,1,Deportivo Espanol,7,MIDLE_DOWN,-7.333333,-8.0,1.6666667,-2.3333335,2.3333335,2.1666667,1.0,1.1666667,-4.833333,-2.0,-2.8333335,0.0,0.0,1.0,2.0,0.0,0.0,1,1,0,1,2,2,Talleres Remedios,7,MIDLE_DOWN,2.8166668,-1.7333333,3.7500002,-2.0,3.0,3.2333333,2.8333333,0.4,-2.7666667,-1.1666667,-1.6,1.0,4.0,2.0,5.0,0.0,0.0,2,0,1,0,1,2,2.3,3.025,3.0,2.35,1.57,1,0,1,0,NA
8,2,U,Y,N,N,1,1,Villa San Carlos,6,BOTTOM_TABLE,1.8000002,1.0,3.0,-1.5333333,-2.0,2.0,1.0,1.0,-4.0,-2.0,-2.0,0.0,2.0,2.0,2.0,0.0,0.0,1,0,0,3,2,1,Colegiales,4,BOTTOM_TABLE,1.0595236,9.0,-2.1904764,-2.75,1.0,1.3333334,1.3333334,0.0,-3.6666667,-1.6666667,-2.0,0.0,1.0,2.0,3.0,0.0,0.0,1,0,1,0,2,2,2.15,2.967,3.317,2.66,1.44,0,1,0,1,NA
8,X,U,Y,Y,Y,2,2,UAI Urquiza,10,MIDLE_UP,4.611471,-1.6909094,-2.25,3.2857141,2.5999997,3.3333335,2.0,1.3333334,-2.6666667,0.0,-2.6666667,0.0,2.0,0.0,3.0,0.0,0.0,2,1,1,0,0,3,Acassuso,6,BOTTOM_TABLE,2.0,1.0,1.0,-2.0,3.0,1.5,1.5,0.0,-2.5,-1.5,-1.0,1.0,0.0,2.0,1.0,0.0,0.0,1,0,2,1,1,1,1.68,3.275,5.075,2.7,1.44,1,1,1,1,NA
8,X,O,Y,Y,Y,4,4,San Telmo,7,MIDLE_DOWN,2.3214285,4.083333,-1.7619047,-1.3333333,2.3333335,2.0,0.33333334,1.6666667,-3.0,-0.6666667,-2.3333333,0.0,1.0,1.0,2.0,0.0,0.0,0,2,1,0,1,2,Tristan Suarez,12,MIDLE_UP,4.9841275,3.2222223,-2.2857141,-2.2857141,3.0,3.6666667,2.0,1.6666667,-3.3333335,-2.0,-1.3333334,1.0,1.0,2.0,1.0,0.0,0.0,2,2,0,0,2,1,2.275,3.05,2.975,2.25,1.62,2,2,2,2,NA
8,X,U,N,N,N,0,0,Fenix,4,BOTTOM_TABLE,-0.96969676,-2.6363635,3.3333333,-2.0,3.0,1.6666667,0.33333334,1.3333334,-3.3333335,-1.6666667,-1.6666667,1.0,0.0,2.0,1.0,0.0,0.0,0,1,0,1,2,2,Atlanta,16,TOP_TABLE,11.930769,3.2307692,-1.0,3.333333,2.5000002,5.1833334,2.85,2.3333335,-1.8166667,-1.15,-0.6666667,2.0,1.0,4.0,2.0,0.0,0.0,3,2,1,0,0,1,3.99,3.225,1.855,2.1,1.7,0,0,0,0,NA
9,X,U,N,N,N,0,0,Tristan Suarez,13,MIDLE_UP,5.2698417,0.28571415,3.2222223,-2.2857141,-2.2857141,4.166667,2.0,2.1666667,-3.8333335,-2.0,-1.8333334,1.0,1.0,2.0,2.0,0.0,0.0,2,2,0,1,2,1,Almirante Brown,10,MIDLE_DOWN,1.7424247,-2.090909,-2.4285715,2.761905,3.5,3.1666667,1.3333334,1.8333334,-4.833333,-2.6666667,-2.1666667,2.0,1.0,3.0,1.0,0.0,0.0,2,1,0,1,2,2,2.133,3.033,3.333,2.435,1.51,0,0,0,0,NA
9,1,O,Y,Y,Y,2,3,Talleres Remedios,7,BOTTOM_TABLE,0.81666684,-2.0,-1.7333333,3.7500002,-2.0,3.2333333,2.8333333,0.4,-3.7666667,-1.1666667,-2.6,1.0,3.0,2.0,3.0,0.0,0.0,2,0,1,0,1,3,Villa San Carlos,6,BOTTOM_TABLE,-0.6999998,-2.5,1.0,3.0,-1.5333333,2.0,1.0,1.0,-5.0,-3.0,-2.0,0.0,2.0,2.0,2.0,0.0,0.0,1,0,0,3,3,1,2.067,2.983,3.517,2.575,1.46,2,0,2,1,NA
9,1,U,Y,N,N,1,2,Deportivo Moron,13,TOP_TABLE,10.057143,3.1999998,3.1904764,3.0,1.0,4.0,2.0,2.0,-2.0,-1.0,-1.0,1.0,0.0,2.0,1.0,0.0,0.0,2,2,0,1,1,1,Deportivo Espanol,10,MIDLE_UP,-4.333333,3.0,-8.0,1.6666667,-2.3333335,3.1666667,2.0,1.1666667,-4.833333,-2.0,-2.8333335,0.0,0.0,1.0,2.0,0.0,0.0,2,1,0,1,2,2,1.953,3.067,3.983,2.525,1.5,1,0,2,0,NA
9,1,U,N,N,N,0,1,Estudiantes Caseros,17,TOP_TABLE,15.253031,2.833334,3.636363,3.25,2.5333335,5.3333335,3.0,2.3333335,-2.6666665,-1.0,-1.6666667,0.0,1.0,2.0,3.0,0.0,0.0,3,2,0,2,1,0,San Telmo,8,MIDLE_DOWN,4.035714,1.7142856,4.083333,-1.7619047,-1.3333333,2.5,0.8333334,1.6666667,-3.5,-1.1666667,-2.3333333,1.0,1.0,2.0,2.0,0.0,0.0,0,2,2,0,1,2,1.77,3.2,4.5,2.5,1.5,0,0,1,0,NA
9,1,O,Y,Y,Y,2,5,Deportivo Riestra,14,TOP_TABLE,5.907576,3.090909,-3.0833335,-1.3333335,0.5,4.7,1.5333334,3.1666667,-2.3,-1.4666667,-0.8333334,1.0,1.0,2.0,2.0,0.0,0.0,1,3,1,1,2,0,Defensores de Belgrano,10,MIDLE_UP,8.428572,3.4285717,1.0,3.0,1.0,3.0,2.0,1.0,-2.0,-1.0,-1.0,1.0,0.0,1.0,1.0,0.0,0.0,1,1,3,1,0,1,1.91,2.865,4.2,2.5,1.5,2,0,4,1,NA
9,2,U,N,N,N,0,1,Acassuso,7,MIDLE_DOWN,3.6666667,1.6666667,1.0,1.0,-2.0,2.0,1.5,0.5,-3.0,-1.5,-1.5,1.0,1.0,2.0,1.0,0.0,0.0,1,0,2,2,1,1,Barracas Central,11,MIDLE_UP,9.288279,1.3999996,-2.2307692,3.2857146,1.5,3.1666667,1.6666667,1.5,-2.8333335,-1.3333334,-1.5,0.0,0.0,1.0,1.0,0.0,0.0,1,1,3,2,0,1,2.675,3.0,2.525,2.5,1.5,0,0,0,1,NA
9,1,U,N,N,N,0,1,Comunicaciones,15,TOP_TABLE,12.0528145,0.6000004,2.6909094,0.33333302,3.4285717,4.3,2.3,2.0,-1.7,-0.7,-1.0,1.0,0.0,3.0,1.0,0.0,0.0,2,2,2,1,0,1,Fenix,5,BOTTOM_TABLE,3.0303032,4.0,-2.6363635,3.3333333,-2.0,1.6666667,0.33333334,1.3333334,-3.3333335,-1.6666667,-1.6666667,0.0,0.0,1.0,1.0,0.0,0.0,0,1,1,1,2,2,1.685,3.35,4.75,2.5,1.5,0,0,1,0,NA
9,2,U,Y,N,N,1,1,Colegiales,7,BOTTOM_TABLE,4.5595236,3.5,9.0,-2.1904764,-2.75,2.3333335,1.3333334,1.0,-3.6666667,-1.6666667,-2.0,0.0,1.0,2.0,2.0,0.0,0.0,1,1,1,0,2,2,UAI Urquiza,11,MIDLE_UP,4.9448047,0.3333335,-1.6909094,-2.25,3.2857141,3.8333335,2.5,1.3333334,-3.1666667,-0.5,-2.6666667,0.0,2.0,1.0,3.0,0.0,0.0,2,1,2,0,0,3,2.633,2.927,2.627,2.55,1.49,0,1,0,1,NA
9,X,U,N,N,N,0,0,Atlanta,17,TOP_TABLE,9.930769,-2.0,3.2307692,-1.0,3.333333,5.1833334,2.85,2.3333335,-1.8166667,-1.15,-0.6666667,2.0,0.0,4.0,2.0,0.0,0.0,3,2,1,1,0,1,Platense,7,BOTTOM_TABLE,-2.2222219,-1.8333333,-2.2222223,1.0,-2.5,2.0,1.0,1.0,-4.0,-2.0,-2.0,1.0,0.0,2.0,1.0,0.0,0.0,1,1,0,1,2,2,1.707,3.383,4.483,2.075,1.7,0,0,0,0,NA
10,1,O,Y,Y,Y,2,3,Almirante Brown,11,MIDLE_UP,3.0424247,1.3,-2.090909,-2.4285715,2.761905,3.1666667,1.3333334,1.8333334,-4.833333,-2.6666667,-2.1666667,2.0,1.0,3.0,1.0,0.0,0.0,2,1,0,2,2,2,Estudiantes Caseros,20,TOP_TABLE,18.782442,3.5294113,2.833334,3.636363,3.25,6.3333335,4.0,2.3333335,-2.6666665,-1.0,-1.6666667,0.0,1.0,1.0,3.0,0.0,0.0,4,2,0,2,1,0,3.183,3.0,2.2,2.225,1.625,1,1,2,1,NA
10,X,U,N,N,N,0,0,Villa San Carlos,6,BOTTOM_TABLE,-2.1761904,-1.4761906,-2.5,1.0,3.0,2.3333333,1.0,1.3333334,-5.6666665,-3.0,-2.6666667,0.0,2.0,2.0,2.0,0.0,0.0,1,0,0,3,3,2,Deportivo Moron,16,TOP_TABLE,13.287912,3.2307692,3.1999998,3.1904764,3.0,5.0,3.0,2.0,-2.0,-1.0,-1.0,1.0,0.0,2.0,1.0,0.0,0.0,3,2,0,1,1,1,2.533,2.967,2.667,2.35,1.55,0,0,0,0,NA
10,X,U,Y,N,Y,1,2,Fenix,5,BOTTOM_TABLE,0.3636365,-2.6666667,4.0,-2.6363635,3.3333333,1.6666667,0.33333334,1.3333334,-4.3333335,-1.6666667,-2.6666667,0.0,0.0,1.0,1.0,0.0,0.0,0,1,1,1,2,3,Acassuso,7,MIDLE_DOWN,1.3030303,-2.3636365,1.6666667,1.0,1.0,2.0,1.5,0.5,-4.0,-2.5,-1.5,1.0,1.0,1.0,1.0,0.0,0.0,1,0,2,2,2,1,2.15,2.975,3.325,2.7,1.44,0,1,1,1,NA
10,X,U,N,N,N,0,0,Deportivo Espanol,10,MIDLE_DOWN,-6.564102,-2.2307692,3.0,-8.0,1.6666667,3.1666667,2.0,1.1666667,-5.833333,-2.0,-3.8333335,0.0,0.0,1.0,2.0,0.0,0.0,2,1,0,1,2,3,Excursionistas,8,MIDLE_DOWN,0.27142882,-2.2,2.7333336,1.0,-2.4285715,3.2500002,0.8333334,2.4166667,-4.75,-3.1666667,-1.5833334,1.0,2.0,2.0,3.0,0.0,0.0,0,2,1,1,3,1,1.89,3.017,4.083,2.35,1.57,0,0,0,0,NA
10,1,U,Y,N,N,1,1,Defensores de Belgrano,10,MIDLE_UP,6.542857,-1.8857145,3.4285717,1.0,3.0,3.2,2.0,1.2,-2.8,-1.0,-1.8,1.0,0.0,1.0,2.0,0.0,0.0,1,1,3,1,0,2,Tristan Suarez,14,MIDLE_UP,5.9698415,0.6999998,0.28571415,3.2222223,-2.2857141,4.166667,2.0,2.1666667,-3.8333335,-2.0,-1.8333334,1.0,1.0,2.0,2.0,0.0,0.0,2,2,1,1,2,1,2.267,2.967,3.067,2.275,1.61,1,0,1,0,NA
10,X,U,Y,Y,Y,2,2,Barracas Central,14,MIDLE_UP,12.651915,3.363636,1.3999996,-2.2307692,3.2857146,4.166667,1.6666667,2.5,-2.8333335,-1.3333334,-1.5,0.0,0.0,1.0,1.0,0.0,0.0,1,2,3,2,0,1,Colegiales,7,BOTTOM_TABLE,2.195887,-2.3636365,3.5,9.0,-2.1904764,2.3333335,1.3333334,1.0,-4.666667,-2.6666667,-2.0,0.0,1.0,1.0,2.0,0.0,0.0,1,1,1,0,3,2,1.793,3.05,4.633,2.525,1.5,1,1,1,1,NA
10,2,O,Y,Y,Y,2,3,Platense,8,BOTTOM_TABLE,0.20634961,2.4285715,-1.8333333,-2.2222223,1.0,2.0,1.0,1.0,-4.0,-2.0,-2.0,1.0,0.0,2.0,1.0,0.0,0.0,1,1,0,2,2,2,Comunicaciones,18,TOP_TABLE,15.719481,3.666667,0.6000004,2.6909094,0.33333302,5.3,3.3,2.0,-1.7,-0.7,-1.0,1.0,0.0,2.0,1.0,0.0,0.0,3,2,2,1,0,1,3.25,2.983,2.183,2.525,1.52,1,1,1,2,NA
10,1,U,N,N,N,0,1,UAI Urquiza,14,MIDLE_UP,8.308441,3.3636365,0.3333335,-1.6909094,-2.25,4.8333335,2.5,2.3333335,-3.1666667,-0.5,-2.6666667,0.0,1.0,1.0,3.0,0.0,0.0,2,2,2,0,0,3,Talleres Remedios,10,MIDLE_DOWN,3.2928574,2.4761906,-2.0,-1.7333333,3.7500002,3.9,3.5,0.4,-4.1,-1.5000001,-2.6,1.0,3.0,2.0,3.0,0.0,0.0,3,0,1,0,1,3,2.033,2.85,3.733,2.5,1.5,0,0,1,0,NA
10,2,O,Y,Y,Y,2,5,San Telmo,8,MIDLE_DOWN,1.5063024,-2.5294118,1.7142856,4.083333,-1.7619047,2.5,0.8333334,1.6666667,-4.5,-1.1666667,-3.3333333,1.0,0.0,2.0,2.0,0.0,0.0,0,2,2,0,1,3,Atlanta,18,TOP_TABLE,9.502197,-0.4285717,-2.0,3.2307692,-1.0,5.1833334,2.85,2.3333335,-1.8166667,-1.15,-0.6666667,2.0,0.0,3.0,2.0,0.0,0.0,3,2,2,1,0,1,3.967,2.877,1.967,2.675,1.44,0,2,2,3,NA
11,X,U,Y,N,Y,1,2,Colegiales,8,BOTTOM_TABLE,4.195887,2.0,-2.3636365,3.5,9.0,2.8333335,1.3333334,1.5,-5.166667,-2.6666667,-2.5,0.0,1.0,1.0,2.0,0.0,0.0,1,1,1,1,3,2,Fenix,6,BOTTOM_TABLE,1.7636365,1.4,-2.6666667,4.0,-2.6363635,2.1666667,0.8333334,1.3333334,-4.8333335,-2.1666667,-2.6666667,0.0,0.0,1.0,1.0,0.0,0.0,0,1,2,1,2,3,2.283,2.903,3.033,2.575,1.49,0,1,1,1,NA
11,X,U,N,N,N,0,0,Excursionistas,9,MIDLE_DOWN,1.5214288,1.25,-2.2,2.7333336,1.0,3.2500002,0.8333334,2.4166667,-4.75,-3.1666667,-1.5833334,1.0,1.0,2.0,2.0,0.0,0.0,0,2,1,2,3,1,Villa San Carlos,7,BOTTOM_TABLE,0.49047613,2.6666665,-1.4761906,-2.5,1.0,2.3333333,1.0,1.3333334,-5.6666665,-3.0,-2.6666667,0.0,2.0,1.0,2.0,0.0,0.0,1,0,1,3,3,2,2.333,2.943,2.983,2.5,1.5,0,0,0,0,NA
11,2,U,Y,N,N,1,1,Comunicaciones,21,TOP_TABLE,18.60837,2.8888884,3.666667,0.6000004,2.6909094,5.9666667,3.3,2.6666667,-2.0333333,-0.7,-1.3333334,1.0,0.0,2.0,1.0,0.0,0.0,3,3,2,1,0,1,San Telmo,8,BOTTOM_TABLE,-0.24925327,-1.7555556,-2.5294118,1.7142856,4.083333,2.9,1.2333333,1.6666667,-5.1,-1.7666668,-3.3333333,1.0,0.0,3.0,2.0,0.0,0.0,0,2,2,0,2,3,1.887,3.117,3.967,2.55,1.47,0,1,0,1,NA
11,X,U,N,N,Y,0,2,Acassuso,8,MIDLE_DOWN,1.9030303,0.6,-2.3636365,1.6666667,1.0,2.5,1.5,1.0,-4.5,-2.5,-2.0,1.0,1.0,1.0,1.0,0.0,0.0,1,0,2,3,2,1,Platense,8,BOTTOM_TABLE,-1.6825392,-1.8888888,2.4285715,-1.8333333,-2.2222223,2.3333333,1.3333334,1.0,-4.6666665,-2.6666667,-2.0,1.0,0.0,2.0,1.0,0.0,0.0,1,1,0,2,3,2,2.2,2.975,3.225,2.6,1.48,0,0,1,1,NA
11,1,U,Y,N,N,1,1,Atlanta,21,TOP_TABLE,12.257753,2.755556,-0.4285717,-2.0,3.2307692,5.7833333,2.85,2.9333334,-2.2166667,-1.15,-1.0666667,2.0,1.0,3.0,2.0,0.0,0.0,3,3,2,1,0,1,Almirante Brown,14,MIDLE_UP,6.19394,3.1515155,1.3,-2.090909,-2.4285715,3.8333335,2.0,1.8333334,-5.1666665,-3.0,-2.1666667,2.0,1.0,3.0,1.0,0.0,0.0,3,1,0,2,2,2,1.527,3.5,6.167,2.425,1.53,1,0,1,0,NA
11,2,U,Y,N,N,1,2,Tristan Suarez,14,MIDLE_UP,3.5698414,-2.4,0.6999998,0.28571415,3.2222223,4.166667,2.0,2.1666667,-4.8333335,-2.0,-2.8333335,1.0,1.0,2.0,2.0,0.0,0.0,2,2,1,1,2,2,Deportivo Riestra,17,TOP_TABLE,8.79329,2.885714,3.090909,-3.0833335,-1.3333335,5.5,2.3333335,3.1666667,-2.5,-1.6666667,-0.8333334,1.0,1.0,2.0,2.0,0.0,0.0,2,3,1,1,2,0,2.35,3.033,2.883,2.05,1.725,0,1,0,2,NA
11,2,U,Y,N,N,1,1,Estudiantes Caseros,20,TOP_TABLE,16.630928,-2.151514,3.5294113,2.833334,3.636363,6.666667,4.0,2.6666667,-3.3333333,-1.0,-2.3333335,0.0,1.0,1.0,3.0,0.0,0.0,4,2,0,2,1,1,Defensores de Belgrano,13,MIDLE_UP,9.942858,3.4000006,-1.8857145,3.4285717,1.0,4.2,3.0,1.2,-2.8,-1.0,-1.8,1.0,0.0,1.0,2.0,0.0,0.0,2,1,3,1,0,2,1.633,2.333,2.933,2.79,1.42,0,1,0,1,NA
11,1,U,Y,N,N,1,1,Talleres Remedios,10,MIDLE_DOWN,1.0071433,-2.2857141,2.4761906,-2.0,-1.7333333,3.9,3.5,0.4,-5.1,-1.5000001,-3.6,1.0,2.0,2.0,3.0,0.0,0.0,3,0,1,0,1,4,Barracas Central,15,MIDLE_UP,12.651915,0.0,3.363636,1.3999996,-2.2307692,4.666667,2.1666667,2.5,-3.3333335,-1.8333334,-1.5,1.0,0.0,1.0,1.0,0.0,0.0,1,2,4,2,0,1,2.683,2.933,2.633,2.635,1.445,1,0,1,0,NA
11,1,U,Y,Y,N,2,2,Deportivo Moron,17,TOP_TABLE,12.621245,-0.666667,3.2307692,3.1999998,3.1904764,5.0,3.0,2.0,-2.0,-1.0,-1.0,1.0,0.0,2.0,1.0,0.0,0.0,3,2,0,2,1,1,UAI Urquiza,17,MIDLE_UP,11.594155,3.2857141,3.3636365,0.3333335,-1.6909094,5.8333335,3.5,2.3333335,-3.1666667,-0.5,-2.6666667,0.0,1.0,1.0,3.0,0.0,0.0,3,2,2,0,0,3,1.833,3.1,4.467,2.5,1.5,2,0,2,0,NA
12,1,O,Y,N,N,1,3,San Telmo,11,MIDLE_DOWN,4.3757467,4.625,-1.7555556,-2.5294118,1.7142856,3.9,1.2333333,2.6666667,-5.1,-1.7666668,-3.3333333,1.0,0.0,3.0,2.0,0.0,0.0,0,3,2,0,2,3,Acassuso,9,MIDLE_DOWN,2.9030304,1.0000001,0.6,-2.3636365,1.6666667,3.0,2.0,1.0,-5.0,-3.0,-2.0,0.0,1.0,1.0,1.0,0.0,0.0,1,0,3,3,2,1,2.175,2.975,3.15,2.4,1.53,1,0,3,0,NA
12,2,O,Y,Y,Y,4,7,Deportivo Riestra,20,TOP_TABLE,11.969761,3.1764708,2.885714,3.090909,-3.0833335,6.5,2.3333335,4.166667,-2.5,-1.6666667,-0.8333334,1.0,1.0,2.0,2.0,0.0,0.0,2,4,1,1,2,0,Estudiantes Caseros,20,TOP_TABLE,14.092466,-2.5384617,-2.151514,3.5294113,2.833334,6.666667,4.0,2.6666667,-4.333333,-2.0,-2.3333335,0.0,1.0,1.0,3.0,0.0,0.0,4,2,0,2,2,1,2.133,3.067,3.183,2.325,1.585,2,2,2,5,NA
12,X,U,N,N,Y,0,2,UAI Urquiza,17,MIDLE_UP,9.594155,-2.0,3.2857141,3.3636365,0.3333335,5.8333335,3.5,2.3333335,-4.166667,-0.5,-3.6666667,0.0,1.0,1.0,2.0,0.0,0.0,3,2,2,0,0,4,Excursionistas,10,MIDLE_DOWN,2.2357144,0.7142856,1.25,-2.2,2.7333336,3.2500002,0.8333334,2.4166667,-4.75,-3.1666667,-1.5833334,0.0,1.0,1.0,2.0,0.0,0.0,0,2,2,2,3,1,2.033,2.977,3.583,2.66,1.44,0,0,1,1,NA
12,X,U,N,N,N,0,0,Almirante Brown,14,MIDLE_DOWN,3.8606067,-2.3333335,3.1515155,1.3,-2.090909,3.8333335,2.0,1.8333334,-6.1666665,-3.0,-3.1666667,2.0,1.0,3.0,1.0,0.0,0.0,3,1,0,2,2,3,Comunicaciones,21,TOP_TABLE,14.98337,-3.625,2.8888884,3.666667,0.6000004,5.9666667,3.3,2.6666667,-3.0333333,-1.7,-1.3333334,1.0,0.0,2.0,1.0,0.0,0.0,3,3,2,1,1,1,3.217,3.067,2.15,2.35,1.57,0,0,0,0,NA
12,X,U,Y,N,Y,1,2,Barracas Central,15,MIDLE_UP,10.151915,-2.5,0.0,3.363636,1.3999996,4.666667,2.1666667,2.5,-4.3333335,-1.8333334,-2.5,1.0,0.0,1.0,1.0,0.0,0.0,1,2,4,2,0,2,Deportivo Moron,20,TOP_TABLE,15.621245,3.0,-0.666667,3.2307692,3.1999998,6.0,4.0,2.0,-2.0,-1.0,-1.0,1.0,0.0,2.0,1.0,0.0,0.0,4,2,0,2,1,1,2.233,2.933,3.133,2.56,1.48,1,0,1,1,NA
12,X,U,N,N,N,0,0,Villa San Carlos,8,BOTTOM_TABLE,1.7761904,1.2857143,2.6666665,-1.4761906,-2.5,2.3333333,1.0,1.3333334,-5.6666665,-3.0,-2.6666667,0.0,1.0,1.0,2.0,0.0,0.0,1,0,1,4,3,2,Deportivo Espanol,11,MIDLE_DOWN,-5.814102,0.75,-2.2307692,3.0,-8.0,3.1666667,2.0,1.1666667,-5.833333,-2.0,-3.8333335,0.0,0.0,1.0,2.0,0.0,0.0,2,1,1,1,2,3,2.117,2.943,3.45,2.625,1.46,0,0,0,0,NA
12,1,O,Y,Y,Y,2,4,Fenix,7,BOTTOM_TABLE,3.0969698,1.3333334,1.4,-2.6666667,4.0,2.6666667,0.8333334,1.8333334,-5.3333335,-2.1666667,-3.1666667,0.0,0.0,1.0,1.0,0.0,0.0,0,1,2,2,2,3,Talleres Remedios,13,MIDLE_DOWN,4.507143,3.4999998,-2.2857141,2.4761906,-2.0,4.9,4.5,0.4,-5.1,-1.5000001,-3.6,1.0,2.0,2.0,3.0,0.0,0.0,4,0,1,0,1,4,3.0,2.85,2.393,2.645,1.445,2,0,3,1,NA
12,X,U,Y,Y,Y,2,2,Platense,9,BOTTOM_TABLE,-0.6825392,1.0,-1.8888888,2.4285715,-1.8333333,2.8333333,1.3333334,1.5,-5.1666665,-2.6666667,-2.5,1.0,0.0,2.0,1.0,0.0,0.0,1,1,0,3,3,2,Colegiales,9,BOTTOM_TABLE,4.8625536,0.6666665,2.0,-2.3636365,3.5,3.3333335,1.8333334,1.5,-5.666667,-3.1666667,-2.5,0.0,1.0,1.0,2.0,0.0,0.0,1,1,2,1,3,2,2.25,2.86,3.233,2.725,1.42,1,1,1,1,NA
12,X,U,N,N,N,0,0,Defensores de Belgrano,16,MIDLE_UP,13.481319,3.5384617,3.4000006,-1.8857145,3.4285717,5.2,3.0,2.2,-2.8,-1.0,-1.8,1.0,0.0,1.0,1.0,0.0,0.0,2,2,3,1,0,2,Atlanta,24,TOP_TABLE,15.591086,3.333333,2.755556,-0.4285717,-2.0,6.7833333,3.85,2.9333334,-2.2166667,-1.15,-1.0666667,2.0,1.0,2.0,2.0,0.0,0.0,4,3,2,1,0,1,2.95,2.86,2.4,2.7,1.44,0,0,0,0,NA
13,X,U,N,N,N,0,0,Estudiantes Caseros,23,TOP_TABLE,16.521038,2.4285717,-2.5384617,-2.151514,3.5294113,7.380953,4.0,3.3809524,-4.619047,-2.0,-2.6190479,0.0,1.0,1.0,3.0,0.0,0.0,4,3,0,2,2,1,Tristan Suarez,14,MIDLE_DOWN,1.3933706,-2.1764708,-2.4,0.6999998,0.28571415,4.166667,2.0,2.1666667,-5.8333335,-3.0,-2.8333335,1.0,1.0,2.0,2.0,0.0,0.0,2,2,1,1,3,2,1.747,3.317,4.377,2.25,1.61,0,0,0,0,NA
13,2,U,Y,N,N,1,1,Talleres Remedios,13,MIDLE_DOWN,2.15,-2.357143,3.4999998,-2.2857141,2.4761906,5.15,4.5,0.65,-5.85,-1.5000001,-4.35,1.0,2.0,2.0,3.0,0.0,0.0,4,0,1,0,1,5,Platense,10,MIDLE_DOWN,0.31746078,1.0,1.0,-1.8888888,2.4285715,3.3333333,1.8333334,1.5,-5.6666665,-3.1666667,-2.5,1.0,0.0,2.0,1.0,0.0,0.0,1,1,1,3,3,2,2.267,2.96,3.1,2.5,1.5,0,1,0,1,NA
13,1,O,Y,N,Y,1,3,Excursionistas,11,MIDLE_DOWN,3.9357145,1.7,0.7142856,1.25,-2.2,3.7500002,0.8333334,2.9166667,-5.25,-3.1666667,-2.0833335,0.0,1.0,1.0,2.0,0.0,0.0,0,2,2,3,3,1,Barracas Central,16,MIDLE_UP,11.485248,1.333333,-2.5,0.0,3.363636,5.166667,2.6666667,2.5,-4.8333335,-2.3333335,-2.5,1.0,0.0,1.0,1.0,0.0,0.0,1,2,5,2,0,2,3.333,2.977,2.133,2.575,1.46,1,0,2,1,NA
13,1,U,N,N,N,0,1,Comunicaciones,22,TOP_TABLE,15.48337,0.5,-3.625,2.8888884,3.666667,5.9666667,3.3,2.6666667,-3.0333333,-1.7,-1.3333334,1.0,0.0,2.0,1.0,0.0,0.0,3,3,2,2,1,1,Defensores de Belgrano,17,MIDLE_UP,14.981319,1.5,3.5384617,3.4000006,-1.8857145,5.2,3.0,2.2,-2.8,-1.0,-1.8,1.0,0.0,1.0,1.0,0.0,0.0,2,2,4,1,0,2,2.083,2.977,3.5,2.66,1.44,0,0,1,0,NA
13,X,U,Y,N,Y,1,2,Acassuso,9,BOTTOM_TABLE,0.72121215,-2.1818182,1.0000001,0.6,-2.3636365,3.0,2.0,1.0,-6.0,-3.0,-3.0,0.0,1.0,1.0,1.0,0.0,0.0,1,0,3,3,2,2,Almirante Brown,15,MIDLE_UP,5.3606067,1.5,-2.3333335,3.1515155,1.3,3.8333335,2.0,1.8333334,-6.1666665,-3.0,-3.1666667,1.0,1.0,2.0,1.0,0.0,0.0,3,1,1,2,2,3,2.325,2.975,3.025,2.5,1.5,1,0,1,1,NA
13,2,O,Y,N,Y,1,6,Colegiales,10,BOTTOM_TABLE,5.8625536,1.0,0.6666665,2.0,-2.3636365,3.8333335,1.8333334,2.0,-6.166667,-3.1666667,-3.0,0.0,1.0,1.0,2.0,0.0,0.0,1,1,2,2,3,2,San Telmo,14,MIDLE_DOWN,7.5575647,3.181818,4.625,-1.7555556,-2.5294118,4.9,2.2333333,2.6666667,-5.1,-1.7666668,-3.3333333,1.0,0.0,3.0,2.0,0.0,0.0,1,3,2,0,2,3,3.017,2.9,2.317,2.6,1.46,0,1,2,4,NA
13,2,O,N,N,Y,0,3,Deportivo Espanol,12,MIDLE_DOWN,-5.189102,0.625,0.75,-2.2307692,3.0,3.1666667,2.0,1.1666667,-5.833333,-2.0,-3.8333335,0.0,0.0,1.0,1.0,0.0,0.0,2,1,1,2,2,3,UAI Urquiza,18,MIDLE_UP,9.8941555,0.3000002,-2.0,3.2857141,3.3636365,6.3333335,4.0,2.3333335,-4.666667,-1.0,-3.6666667,0.0,1.0,1.0,2.0,0.0,0.0,3,2,3,0,0,4,2.853,2.817,2.5,2.865,1.4,0,0,1,2,NA
13,X,U,N,N,N,0,0,Deportivo Moron,21,TOP_TABLE,16.287912,0.666667,3.0,-0.666667,3.2307692,6.5,4.0,2.5,-2.5,-1.0,-1.5,1.0,0.0,2.0,1.0,0.0,0.0,4,2,0,3,1,1,Fenix,10,BOTTOM_TABLE,6.454113,3.3571432,1.3333334,1.4,-2.6666667,3.4166667,1.5833334,1.8333334,-5.5833335,-2.4166667,-3.1666667,1.0,0.0,2.0,1.0,0.0,0.0,1,1,2,2,2,3,1.667,3.25,5.2,2.55,1.47,0,0,0,0,NA
13,2,U,N,N,N,0,1,Atlanta,25,TOP_TABLE,16.091087,0.50000095,3.333333,2.755556,-0.4285717,6.7833333,3.85,2.9333334,-2.2166667,-1.15,-1.0666667,2.0,0.0,2.0,2.0,0.0,0.0,4,3,2,2,0,1,Deportivo Riestra,20,MIDLE_UP,10.541189,-1.4285717,3.1764708,2.885714,3.090909,6.785714,2.6190479,4.166667,-3.2142859,-2.3809524,-0.8333334,2.0,1.0,3.0,2.0,0.0,0.0,2,4,1,1,3,0,1.87,3.167,3.95,2.175,1.65,0,0,0,1,NA
14,1,O,Y,Y,Y,3,3,San Telmo,17,MIDLE_UP,10.176613,2.619048,3.181818,4.625,-1.7555556,5.5666666,2.2333333,3.3333335,-5.4333334,-1.7666668,-3.6666665,1.0,0.0,3.0,2.0,0.0,0.0,1,4,2,0,2,3,Talleres Remedios,13,MIDLE_DOWN,-0.14999986,-2.3,-2.357143,3.4999998,-2.2857141,5.15,4.5,0.65,-6.85,-2.5,-4.35,1.0,2.0,2.0,3.0,0.0,0.0,4,0,1,0,2,5,1.97,3.1,3.667,2.325,1.585,2,1,2,1,NA
14,1,O,Y,Y,Y,2,4,Fenix,11,BOTTOM_TABLE,8.554113,2.1000004,3.3571432,1.3333334,1.4,3.4166667,1.5833334,1.8333334,-5.5833335,-2.4166667,-3.1666667,1.0,0.0,2.0,1.0,0.0,0.0,1,1,2,3,2,3,Excursionistas,14,MIDLE_DOWN,6.7235937,2.7878792,1.7,0.7142856,1.25,4.416667,1.5,2.9166667,-5.5833335,-3.5,-2.0833335,0.0,1.0,1.0,2.0,0.0,0.0,1,2,2,3,3,1,2.467,2.87,2.87,2.5,1.5,1,1,3,1,NA
14,2,O,Y,Y,Y,2,3,Almirante Brown,16,MIDLE_UP,5.69394,0.3333335,1.5,-2.3333335,3.1515155,4.3333335,2.0,2.3333335,-6.6666665,-3.0,-3.6666667,1.0,1.0,2.0,1.0,0.0,0.0,3,1,1,3,2,3,Colegiales,10,BOTTOM_TABLE,4.243506,-1.6190476,1.0,0.6666665,2.0,4.166667,2.1666667,2.0,-6.8333335,-3.8333335,-3.0,0.0,1.0,2.0,2.0,0.0,0.0,1,1,2,2,4,2,1.877,3.067,4.15,2.45,1.515,1,1,1,2,NA
14,X,O,Y,Y,Y,3,4,Platense,13,MIDLE_DOWN,3.6174607,3.3,1.0,1.0,-1.8888888,4.333333,1.8333334,2.5,-5.6666665,-3.1666667,-2.5,1.0,0.0,2.0,1.0,0.0,0.0,1,2,1,3,3,2,Deportivo Moron,22,TOP_TABLE,16.187912,-0.10000038,0.666667,3.0,-0.666667,6.5,4.0,2.5,-2.5,-1.0,-1.5,1.0,0.0,2.0,1.0,0.0,0.0,4,2,1,3,1,1,3.867,3.083,1.983,2.5,1.5,2,1,2,2,NA
14,1,U,N,N,N,0,1,UAI Urquiza,21,MIDLE_UP,12.5608225,2.666667,0.3000002,-2.0,3.2857141,7.0,4.0,3.0000002,-5.0000005,-1.0,-4.0,0.0,1.0,1.0,2.0,0.0,0.0,3,3,3,0,0,4,Villa San Carlos,9,BOTTOM_TABLE,3.1511903,1.3749999,1.2857143,2.6666665,-1.4761906,2.3333333,1.0,1.3333334,-5.6666665,-3.0,-2.6666667,0.0,1.0,1.0,2.0,0.0,0.0,1,0,2,4,3,2,1.755,3.1,4.675,2.5,1.5,0,0,1,0,NA
14,1,U,N,N,N,0,1,Deportivo Riestra,23,TOP_TABLE,13.791189,3.25,-1.4285717,3.1764708,2.885714,7.785714,2.6190479,5.166667,-3.2142859,-2.3809524,-0.8333334,2.0,1.0,3.0,2.0,0.0,0.0,2,5,1,1,3,0,Comunicaciones,25,TOP_TABLE,18.710642,3.227272,0.5,-3.625,2.8888884,6.9666667,4.3,2.6666667,-3.0333333,-1.7,-1.3333334,0.0,0.0,2.0,1.0,0.0,0.0,4,3,2,2,1,1,2.365,2.975,2.9,2.4,1.53,0,0,1,0,NA
14,1,O,Y,Y,Y,3,5,Barracas Central,16,MIDLE_UP,9.697369,-1.787879,1.333333,-2.5,0.0,5.5000005,2.6666667,2.8333333,-5.5,-2.3333335,-3.1666667,1.0,0.0,1.0,1.0,0.0,0.0,1,2,5,2,0,3,Deportivo Espanol,12,BOTTOM_TABLE,-6.855769,-1.666667,0.625,0.75,-2.2307692,3.5,2.3333333,1.1666667,-6.4999995,-2.6666667,-3.8333335,0.0,0.0,1.0,1.0,0.0,0.0,2,1,1,2,3,3,1.923,2.967,4.0,2.6,1.46,2,1,4,1,NA
14,X,O,Y,N,Y,1,4,Tristan Suarez,15,MIDLE_DOWN,3.0362277,1.6428571,-2.1764708,-2.4,0.6999998,4.166667,2.0,2.1666667,-5.8333335,-3.0,-2.8333335,1.0,1.0,2.0,1.0,0.0,0.0,2,2,1,2,3,2,Atlanta,25,TOP_TABLE,13.841087,-2.25,0.50000095,3.333333,2.755556,6.7833333,3.85,2.9333334,-3.2166667,-2.15,-1.0666667,1.0,0.0,2.0,2.0,0.0,0.0,4,3,2,2,1,1,3.15,2.975,2.175,2.42,1.52,0,1,2,2,NA
14,1,U,N,N,N,0,1,Defensores de Belgrano,17,MIDLE_UP,12.754046,-2.227273,1.5,3.5384617,3.4000006,5.2,3.0,2.2,-3.8,-1.0,-2.8,1.0,0.0,1.0,1.0,0.0,0.0,2,2,4,1,0,3,Acassuso,10,BOTTOM_TABLE,2.387879,1.6666667,-2.1818182,1.0000001,0.6,3.5,2.5,1.0,-6.5,-3.5,-3.0,0.0,1.0,1.0,1.0,0.0,0.0,1,0,4,3,2,2,1.8,3.0,4.6,2.7,1.44,0,0,1,0,NA
15,X,U,N,N,N,0,0,San Telmo,20,MIDLE_UP,12.74524,2.5686274,2.619048,3.181818,4.625,6.233333,2.9,3.3333335,-5.766667,-2.1000001,-3.6666665,1.0,0.0,3.0,2.0,0.0,0.0,2,4,2,0,2,3,Defensores de Belgrano,20,MIDLE_UP,16.165812,3.411765,-2.227273,1.5,3.5384617,6.2,4.0,2.2,-3.8,-1.0,-2.8,0.0,0.0,1.0,1.0,0.0,0.0,3,2,4,1,0,3,4.4,2.37,7.95,101.75,1.25,0,0,0,0,NA
15,1,O,Y,N,Y,1,3,Fenix,14,MIDLE_DOWN,11.32684,2.772727,2.1000004,3.3571432,1.3333334,4.166667,2.3333335,1.8333334,-5.8333335,-2.6666667,-3.1666667,1.0,0.0,2.0,1.0,0.0,0.0,2,1,2,3,2,3,Tristan Suarez,16,MIDLE_DOWN,4.702894,1.6666665,1.6428571,-2.1764708,-2.4,4.666667,2.5,2.1666667,-6.3333335,-3.5,-2.8333335,1.0,1.0,2.0,1.0,0.0,0.0,2,2,2,2,3,2,2.25,2.843,3.267,2.5,1.5,0,1,2,1,NA
15,1,U,N,N,N,0,1,Platense,14,MIDLE_DOWN,5.3097687,1.692308,3.3,1.0,1.0,4.833333,2.3333335,2.5,-6.1666665,-3.6666667,-2.5,1.0,0.0,2.0,1.0,0.0,0.0,1,2,2,3,3,2,Deportivo Riestra,26,TOP_TABLE,16.878145,3.086956,3.25,-1.4285717,3.1764708,8.785714,3.6190479,5.166667,-3.2142859,-2.3809524,-0.8333334,1.0,1.0,3.0,2.0,0.0,0.0,3,5,1,1,3,0,2.827,2.943,2.45,2.5,1.5,0,0,1,0,NA
15,2,U,Y,N,N,1,2,Excursionistas,14,MIDLE_DOWN,4.9508667,-1.772727,2.7878792,1.7,0.7142856,4.666667,1.5,3.1666667,-6.3333335,-3.5,-2.8333335,0.0,1.0,1.0,2.0,0.0,0.0,1,2,2,3,3,2,Colegiales,13,BOTTOM_TABLE,7.1768394,2.9333334,-1.6190476,1.0,0.6666665,4.8333335,2.1666667,2.6666667,-7.166667,-3.8333335,-3.3333333,0.0,1.0,2.0,2.0,0.0,0.0,1,2,2,2,4,2,1.953,3.033,3.933,2.7,1.44,0,1,0,2,NA
15,1,O,N,N,Y,0,3,Villa San Carlos,9,BOTTOM_TABLE,0.57976174,-2.5714285,1.3749999,1.2857143,2.6666665,2.3333333,1.0,1.3333334,-6.6666665,-3.0,-3.6666667,0.0,1.0,1.0,2.0,0.0,0.0,1,0,2,4,3,3,Comunicaciones,25,TOP_TABLE,16.623686,-2.086956,3.227272,0.5,-3.625,6.9666667,4.3,2.6666667,-4.0333333,-1.7,-2.3333335,0.0,0.0,2.0,1.0,0.0,0.0,4,3,2,2,1,2,4.067,3.067,1.89,2.66,1.44,0,0,2,1,NA
15,X,O,Y,N,Y,1,4,Deportivo Espanol,12,BOTTOM_TABLE,-8.705769,-1.8499994,-1.666667,0.625,0.75,3.7,2.3333333,1.3666668,-7.2999997,-2.6666667,-4.6333337,0.0,1.0,1.0,2.0,0.0,0.0,2,1,1,2,3,4,Acassuso,10,BOTTOM_TABLE,-0.023885727,-2.4117646,1.6666667,-2.1818182,1.0000001,3.5,2.5,1.0,-7.5,-3.5,-4.0,0.0,0.0,1.0,1.0,0.0,0.0,1,0,4,3,2,3,2.125,2.89,3.5,3.1,1.36,0,1,2,2,NA
15,1,O,Y,Y,Y,2,3,Barracas Central,19,MIDLE_UP,12.547369,2.8500004,-1.787879,1.333333,-2.5,6.3000007,3.4666667,2.8333333,-5.7,-2.5333335,-3.1666667,1.0,0.0,2.0,1.0,0.0,0.0,2,2,5,2,0,3,Estudiantes Caseros,24,TOP_TABLE,16.878181,0.3571434,2.4285717,-2.5384617,-2.151514,7.380953,4.0,3.3809524,-4.619047,-2.0,-2.6190479,0.0,1.0,1.0,3.0,0.0,0.0,4,3,1,2,2,1,3.1,2.95,2.267,2.675,1.44,2,0,2,1,NA
15,1,U,Y,N,N,1,1,UAI Urquiza,24,TOP_TABLE,16.132252,3.5714293,2.666667,0.3000002,-2.0,8.0,5.0,3.0000002,-5.0000005,-1.0,-4.0,0.0,1.0,1.0,2.0,0.0,0.0,4,3,3,0,0,4,Atlanta,26,TOP_TABLE,14.17442,0.33333302,-2.25,0.50000095,3.333333,7.2833333,3.85,3.4333334,-3.7166667,-2.15,-1.5666667,1.0,0.0,2.0,2.0,0.0,0.0,4,3,2,3,1,1,2.483,2.917,2.8,2.66,1.44,1,0,1,0,NA
15,1,U,Y,Y,N,2,2,Deportivo Moron,23,MIDLE_UP,16.495604,0.30769157,-0.10000038,0.666667,3.0,7.0,4.0,3.0,-3.0,-1.0,-2.0,1.0,0.0,2.0,1.0,0.0,0.0,4,2,1,4,1,1,Talleres Remedios,13,BOTTOM_TABLE,-1.7186272,-1.5686274,-2.3,-2.357143,3.4999998,5.4833336,4.5,0.98333335,-7.5166664,-2.5,-5.0166664,1.0,2.0,2.0,3.0,0.0,0.0,4,0,1,0,2,6,1.837,3.05,4.333,2.625,1.46,2,0,2,0,NA
16,2,U,Y,Y,N,2,2,Colegiales,16,MIDLE_DOWN,10.253762,3.076923,2.9333334,-1.6190476,1.0,5.8333335,2.1666667,3.6666667,-7.166667,-3.8333335,-3.3333333,0.0,1.0,2.0,2.0,0.0,0.0,1,3,2,2,4,2,Defensores de Belgrano,21,MIDLE_UP,17.165812,1.0,3.411765,-2.227273,1.5,6.2,4.0,2.2,-3.8,-1.0,-2.8,0.0,0.0,1.0,1.0,0.0,0.0,3,2,4,2,0,3,2.917,2.843,2.45,2.75,1.42,0,2,0,2,NA
16,1,O,N,N,N,0,3,Acassuso,11,BOTTOM_TABLE,1.1761143,1.2,-2.4117646,1.6666667,-2.1818182,4.0,2.5,1.5,-8.0,-3.5,-4.5,0.0,0.0,1.0,2.0,0.0,0.0,1,0,4,4,2,3,Deportivo Riestra,26,TOP_TABLE,14.021002,-2.8571434,3.086956,3.25,-1.4285717,8.785714,3.6190479,5.166667,-4.214286,-2.3809524,-1.8333334,1.0,1.0,3.0,2.0,0.0,0.0,3,5,1,1,3,1,3.025,2.975,2.3,2.6,1.48,0,0,3,0,NA
16,2,O,Y,Y,Y,2,3,Excursionistas,14,MIDLE_DOWN,2.8739436,-2.0769231,-1.772727,2.7878792,1.7,4.666667,1.5,3.1666667,-7.3333335,-4.5,-2.8333335,0.0,1.0,1.0,2.0,0.0,0.0,1,2,2,3,4,2,Platense,17,MIDLE_DOWN,9.166912,3.8571434,1.692308,3.3,1.0,5.833333,3.3333335,2.5,-6.1666665,-3.6666667,-2.5,1.0,0.0,2.0,1.0,0.0,0.0,2,2,2,3,3,2,2.333,2.887,3.033,2.46,1.51,1,1,1,2,NA
16,1,O,Y,Y,N,3,3,Deportivo Espanol,13,BOTTOM_TABLE,-7.9057684,0.8000002,-1.8499994,-1.666667,0.625,4.2,2.8333333,1.3666668,-7.7999997,-3.1666667,-4.6333337,0.0,1.0,1.0,2.0,0.0,0.0,2,1,2,2,3,4,Fenix,17,MIDLE_UP,13.803031,2.4761906,2.772727,2.1000004,3.3571432,4.8333335,3.0000002,1.8333334,-6.166667,-3.0,-3.1666667,1.0,0.0,2.0,1.0,0.0,0.0,3,1,2,3,2,3,2.675,3.15,2.415,2.42,1.52,3,0,3,0,NA
16,2,U,N,N,N,0,1,Comunicaciones,25,TOP_TABLE,13.512575,-3.1111107,-2.086956,3.227272,0.5,7.3,4.3,3.0,-4.7,-1.7,-3.0000002,0.0,0.0,2.0,1.0,0.0,0.0,4,3,2,2,1,3,Tristan Suarez,16,MIDLE_DOWN,3.2267036,-1.4761906,1.6666665,1.6428571,-2.1764708,5.0000005,2.5,2.5,-7.0,-3.5,-3.5000002,1.0,1.0,2.0,1.0,0.0,0.0,2,2,2,2,3,3,1.83,3.117,4.3,2.55,1.47,0,0,0,1,NA
16,X,U,N,N,N,0,0,Atlanta,26,TOP_TABLE,12.091087,-2.083333,0.33333302,-2.25,0.50000095,7.2833333,3.85,3.4333334,-4.7166667,-2.15,-2.5666666,1.0,0.0,2.0,2.0,0.0,0.0,4,3,2,3,1,2,Estudiantes Caseros,24,MIDLE_UP,15.281691,-1.5964909,0.3571434,2.4285717,-2.5384617,7.7142863,4.0,3.7142856,-5.2857137,-2.0,-3.2857146,0.0,1.0,1.0,3.0,0.0,0.0,4,3,1,2,2,2,2.3,2.883,3.117,2.725,1.42,0,0,0,0,NA
16,2,O,Y,Y,Y,2,3,Talleres Remedios,13,BOTTOM_TABLE,-4.15341,-2.4347827,-1.5686274,-2.3,-2.357143,5.4833336,4.5,0.98333335,-8.516666,-2.5,-6.0166664,1.0,2.0,2.0,3.0,0.0,0.0,4,0,1,0,2,7,Almirante Brown,16,MIDLE_DOWN,3.7606068,-1.9333334,0.3333335,1.5,-2.3333335,4.666667,2.3333333,2.3333335,-7.333333,-3.6666667,-3.6666667,1.0,1.0,2.0,1.0,0.0,0.0,3,1,1,3,3,3,2.233,2.943,3.167,2.5,1.5,1,1,1,2,NA
16,1,U,N,N,N,0,1,Deportivo Moron,26,TOP_TABLE,19.930386,3.434782,0.30769157,-0.10000038,0.666667,8.0,5.0,3.0,-3.0,-1.0,-2.0,1.0,0.0,2.0,1.0,0.0,0.0,5,2,1,4,1,1,San Telmo,21,MIDLE_UP,13.74524,1.0,2.5686274,2.619048,3.181818,6.233333,2.9,3.3333335,-5.766667,-2.1000001,-3.6666665,1.0,0.0,2.0,2.0,0.0,0.0,2,4,3,0,2,3,2.1,2.967,3.483,2.5,1.5,0,0,1,0,NA
