week,headOutcome,scoreOutcome,ht1pOutcome,ht2pOutcome,ggOutcome,totHtScore,totFtScore,t1,t1Points,t1Classification,t1Form,t1Form1Diff,t1Form2Diff,t1Form3Diff,t1Form4Diff,t1Atack,t1AtackIn,t1AtackOut,t1Defense,t1DefenseIn,t1DefenseOut,t1AvgHtScoreIn,t1AvgHtScoreOut,t1AvgFtScoreIn,t1AvgFtScoreOut,t1AvgHtGgResult,t1AvgFtGgResult,t1WinsIn,t1WinsOut,t1DrawsIn,t1DrawsOut,t1LosesIn,t1LosesOut,t2,t2Points,t2Classification,t2Form,t2Form1Diff,t2Form2Diff,t2Form3Diff,t2Form4Diff,t2Atack,t2AtackIn,t2AtackOut,t2Defense,t2DefenseIn,t2DefenseOut,t2AvgHtScoreIn,t2AvgHtScoreOut,t2AvgFtScoreIn,t2AvgFtScoreOut,t2AvgHtGgResult,t2AvgFtGgResult,t2WinsIn,t2WinsOut,t2DrawsIn,t2DrawsOut,t2LosesIn,t2LosesOut,bet_1,bet_X,bet_2,bet_O,bet_U,t1Ht,t2Ht,t1Ft,t2Ft,matchTime
5,2,O,Y,Y,N,4,6,Caen,6,MIDLE_UP,1.1999998,-2.0,3.0,-2.0,2.1999998,1.6,1.6,0.0,-2.4,-0.4,-2.0,2.0,0.0,3.0,2.0,0.0,0.0,2,0,0,0,0,2,PSG,7,MIDLE_UP,5.5,1.0,-1.5,3.0,3.0,2.75,1.5,1.25,-1.25,-0.5,-0.75,0.0,1.0,2.0,2.0,0.0,0.0,1,1,1,0,0,1,7.333,4.667,1.413,1.597,2.317,0,4,0,6,NA
5,1,O,Y,N,N,1,3,Monaco,10,TOP_TABLE,9.1,2.6000004,2.5,3.0,1.0,3.05,1.25,1.8,-0.95,-0.75,-0.2,2.0,1.0,4.0,3.0,0.0,0.0,1,2,1,0,0,0,Rennes,7,TOP_TABLE,5.0,3.0,1.0,3.0,-2.0,2.5,2.0,0.5,-1.5,0.0,-1.5,0.0,0.0,2.0,1.0,0.0,0.0,2,0,0,1,0,1,1.76,3.55,4.817,2.03,1.77,1,0,3,0,NA
5,1,O,N,N,Y,0,3,Toulouse,5,MIDLE_UP,3.2666667,-1.3333333,1.0,2.6,1.0,1.1333333,0.8,0.33333334,-0.8666667,-0.2,-0.6666667,2.0,0.0,5.0,1.0,0.0,0.0,1,0,0,2,0,1,Guingamp,8,TOP_TABLE,7.3333335,1.0,3.0,2.3333335,1.0,2.6666667,1.1666667,1.5,-1.3333334,-0.8333334,-0.5,1.0,1.0,2.0,3.0,0.0,0.0,1,1,1,1,0,0,2.05,3.233,3.967,1.783,1.45,0,0,2,1,NA
5,X,U,N,N,Y,0,2,Nancy,3,BOTTOM_TABLE,-3.0,3.0,-2.0,-2.0,-2.0,1.0,0.0,1.0,-3.0,-2.0,-1.0,1.0,1.0,2.0,2.0,0.0,0.0,0,1,0,0,2,1,Nantes,3,BOTTOM_TABLE,-3.0,-2.0,-2.0,-2.0,3.0,1.0,0.0,1.0,-3.0,-2.0,-1.0,1.0,0.0,2.0,1.0,0.0,0.0,0,1,0,0,2,1,2.31,2.95,3.583,2.7,1.44,0,0,1,1,NA
5,1,U,N,N,N,0,1,Lorient,0,BOTTOM_TABLE,-7.2,-2.0,-1.9999998,-2.0,-1.2,0.4,0.0,0.4,-3.6,-2.0,-1.6,1.0,2.0,2.0,3.0,0.0,0.0,0,0,0,0,2,2,Lille,4,MIDLE_DOWN,1.1999999,-1.6,1.0,3.0,-1.2,2.1,1.2,0.9,-1.9000001,-0.8,-1.1,1.0,1.0,3.0,3.0,0.0,0.0,1,0,0,1,1,1,3.567,3.133,2.2,2.3,1.6,0,0,1,0,NA
5,X,U,N,N,N,0,0,Dijon,3,BOTTOM_TABLE,-3.1666665,-1.5,2.3333335,-2.0,-2.0,0.9166667,0.6666667,0.25,-3.0833333,-1.3333334,-1.75,2.0,1.0,3.0,2.0,0.0,0.0,1,0,0,0,1,2,Metz,9,TOP_TABLE,6.2,3.0,3.0,-2.0,2.1999998,2.6,1.6,1.0,-1.4,-0.4,-1.0,1.0,1.0,3.0,3.0,0.0,0.0,2,1,0,0,0,1,1.937,3.433,3.983,1.953,1.833,0,0,0,0,NA
5,2,U,Y,N,N,1,1,Bordeaux,9,TOP_TABLE,6.1,2.5,3.0,-1.6,2.1999998,2.55,1.6,0.95,-1.45,-0.4,-1.05,1.0,2.0,3.0,4.0,0.0,0.0,2,1,0,0,0,1,Angers SCO,3,BOTTOM_TABLE,-3.5,2.5,-2.0,-2.0,-2.0,0.75,0.75,0.0,-3.25,-1.25,-2.0,1.0,1.0,2.0,1.0,0.0,0.0,1,0,0,0,1,2,1.783,3.467,5.0,2.3,1.6,0,1,0,1,NA
5,X,U,N,N,Y,0,2,Montpellier,5,MIDLE_DOWN,3.5,1.0,1.0,-1.5,3.0,2.25,1.5,0.75,-1.75,-0.5,-1.25,1.0,1.0,1.0,3.0,0.0,0.0,1,0,1,1,0,1,Nice,10,TOP_TABLE,9.2,2.1999998,1.0,3.0,3.0,3.1,2.1,1.0,-0.9,-0.9,0.0,1.0,1.0,2.0,1.0,0.0,0.0,2,1,1,0,0,0,2.117,3.333,3.6,2.02,1.787,0,0,1,1,NA
5,1,U,N,N,N,0,1,Saint-Etienne,5,MIDLE_DOWN,3.3,1.0,1.0,2.5,-1.2,1.65,0.75,0.9,-1.35,-0.25,-1.1,0.0,0.0,2.0,3.0,0.0,0.0,1,0,1,1,0,1,Bastia,6,MIDLE_UP,1.3333335,2.3333335,-2.0,3.0,-2.0,1.6666667,0.6666667,1.0,-2.3333333,-1.3333334,-1.0,0.0,1.0,2.0,2.0,0.0,0.0,1,1,0,0,1,1,1.723,3.35,5.7,2.435,1.525,0,0,1,0,NA
5,X,U,N,N,N,0,0,Olympique Marseille,4,MIDLE_DOWN,1.4666667,-1.2,3.0,-1.3333333,1.0,1.7333333,1.0,0.73333335,-1.2666667,0.0,-1.2666667,0.0,1.0,1.0,4.0,0.0,0.0,1,0,1,0,0,2,Olympique Lyonnais,6,MIDLE_UP,3.166667,-1.5,-1.333333,3.0,3.0,2.5833333,1.25,1.3333334,-1.4166667,-0.75,-0.6666667,1.0,3.0,3.0,4.0,0.0,0.0,1,1,0,0,1,1,2.517,3.267,2.86,1.863,1.93,0,0,0,0,NA
6,2,O,Y,Y,Y,2,3,Lille,4,BOTTOM_TABLE,-1.3000001,-2.5,-1.6,1.0,3.0,2.1,1.2,0.9,-2.9,-0.8,-2.1,1.0,1.0,3.0,2.0,0.0,0.0,1,0,0,1,1,2,Toulouse,8,TOP_TABLE,6.2,2.9333332,-1.3333333,1.0,2.6,1.8,1.4666667,0.33333334,-1.2,-0.53333336,-0.6666667,1.0,0.0,4.0,1.0,0.0,0.0,2,0,0,2,0,1,2.225,3.075,3.6,2.67,1.45,1,1,1,2,NA
6,1,O,Y,Y,N,2,3,PSG,10,TOP_TABLE,8.642857,3.1428566,1.0,-1.5,3.0,3.75,1.5,2.25,-1.25,-0.5,-0.75,0.0,2.0,2.0,3.0,0.0,0.0,1,2,1,0,0,1,Dijon,4,MIDLE_DOWN,-0.16666651,3.0,-1.5,2.3333335,-2.0,0.9166667,0.6666667,0.25,-3.0833333,-1.3333334,-1.75,1.0,1.0,2.0,2.0,0.0,0.0,1,0,1,0,1,2,1.107,9.25,22.917,1.28,3.575,2,0,3,0,NA
6,1,O,Y,Y,Y,3,6,Olympique Lyonnais,7,MIDLE_UP,3.666667,0.5,-1.5,-1.333333,3.0,2.5833333,1.25,1.3333334,-1.4166667,-0.75,-0.6666667,1.0,2.0,3.0,3.0,0.0,0.0,1,1,0,1,1,1,Montpellier,6,MIDLE_DOWN,5.5,2.0,1.0,1.0,-1.5,2.75,2.0,0.75,-2.25,-1.0,-1.25,0.0,1.0,1.0,3.0,0.0,0.0,1,0,2,1,0,1,1.697,3.75,5.2,1.75,2.04,2,1,5,1,NA
6,1,O,Y,Y,N,2,4,Nice,11,TOP_TABLE,9.2,0.0,2.1999998,1.0,3.0,3.6,2.1,1.5,-1.4,-0.9,-0.5,1.0,0.0,2.0,1.0,0.0,0.0,2,1,1,1,0,0,Monaco,13,TOP_TABLE,12.400001,3.3000002,2.6000004,2.5,3.0,4.05,2.25,1.8,-0.95,-0.75,-0.2,1.0,1.0,3.0,3.0,0.0,0.0,2,2,1,0,0,0,3.383,3.283,2.217,2.033,1.753,2,0,4,0,NA
6,X,U,N,N,N,0,0,Nantes,4,MIDLE_DOWN,-2.0,1.0,-2.0,-2.0,-2.0,1.5,0.0,1.5,-3.5,-2.0,-1.5,1.0,0.0,2.0,1.0,0.0,0.0,0,1,0,1,2,1,Saint-Etienne,8,MIDLE_UP,6.5,3.2,1.0,1.0,2.5,2.65,1.75,0.9,-1.35,-0.25,-1.1,0.0,0.0,1.0,3.0,0.0,0.0,2,0,1,1,0,1,2.683,2.9,2.967,2.685,1.445,0,0,0,0,NA
6,2,O,Y,N,N,1,3,Metz,10,TOP_TABLE,5.2,-1.0,3.0,3.0,-2.0,2.6,1.6,1.0,-1.4,-0.4,-1.0,1.0,0.0,3.0,2.0,0.0,0.0,2,1,0,1,0,1,Bordeaux,9,TOP_TABLE,2.1,-4.0,2.5,3.0,-1.6,2.55,1.6,0.95,-2.45,-1.4,-1.05,1.0,2.0,2.0,4.0,0.0,0.0,2,1,0,0,1,1,3.1,3.283,2.31,1.98,1.81,0,1,0,3,NA
6,1,U,N,N,N,0,1,Guingamp,8,MIDLE_UP,5.4,-1.9333334,1.0,3.0,2.3333335,3.0,1.1666667,1.8333334,-2.0,-0.8333334,-1.1666667,1.0,0.0,2.0,3.0,0.0,0.0,1,1,1,1,0,1,Lorient,3,BOTTOM_TABLE,-3.6999998,3.5,-2.0,-1.9999998,-2.0,1.4,1.0,0.4,-3.6,-2.0,-1.6,1.0,2.0,2.0,3.0,0.0,0.0,1,0,0,0,2,2,1.953,3.35,4.143,1.893,1.887,0,0,1,0,NA
6,X,U,N,N,N,0,0,Bastia,6,MIDLE_UP,-0.86666656,-2.2,2.3333335,-2.0,3.0,1.6666667,0.6666667,1.0,-3.3333333,-1.3333334,-2.0,0.0,0.0,2.0,2.0,0.0,0.0,1,1,0,0,1,2,Nancy,4,BOTTOM_TABLE,-2.0,1.0,3.0,-2.0,-2.0,1.5,0.5,1.0,-3.5,-2.5,-1.0,0.0,1.0,2.0,2.0,0.0,0.0,0,1,1,0,2,1,2.233,3.0,3.65,2.685,1.445,0,0,0,0,NA
6,1,O,Y,N,Y,1,3,Angers SCO,6,MIDLE_DOWN,1.5,5.0,2.5,-2.0,-2.0,1.75,0.75,1.0,-3.25,-1.25,-2.0,1.0,1.0,2.0,1.0,0.0,0.0,1,1,0,0,1,2,Caen,6,MIDLE_DOWN,-0.94285727,-2.142857,-2.0,3.0,-2.0,1.6,1.6,0.0,-3.4,-1.4,-2.0,2.0,0.0,4.0,2.0,0.0,0.0,2,0,0,0,1,2,2.167,3.15,3.617,2.38,1.56,1,0,2,1,NA
6,1,O,Y,Y,Y,2,5,Rennes,7,MIDLE_UP,2.7,-2.3,3.0,1.0,3.0,2.5,2.0,0.5,-2.5,0.0,-2.5,0.0,0.0,2.0,2.0,0.0,0.0,2,0,0,1,0,2,Olympique Marseille,5,MIDLE_DOWN,2.9666667,1.5,-1.2,3.0,-1.3333333,1.7333333,1.0,0.73333335,-1.2666667,0.0,-1.2666667,0.0,1.0,0.0,4.0,0.0,0.0,1,0,2,0,0,2,2.31,3.267,3.217,2.103,1.713,1,1,3,2,NA
7,1,U,N,N,N,0,2,Toulouse,11,TOP_TABLE,9.033333,2.833333,2.9333332,-1.3333333,1.0,2.4666667,1.4666667,1.0,-1.5333334,-0.53333336,-1.0,1.0,0.0,4.0,1.0,0.0,0.0,2,1,0,2,0,1,PSG,13,TOP_TABLE,12.242857,3.6000004,3.1428566,1.0,-1.5,4.75,2.5,2.25,-1.25,-0.5,-0.75,0.0,2.0,2.0,3.0,0.0,0.0,2,2,1,0,0,1,7.25,4.337,1.467,1.777,2.0,0,0,2,0,NA
7,1,U,N,N,N,0,1,Lorient,3,BOTTOM_TABLE,-6.325,-2.625,3.5,-2.0,-1.9999998,1.4,1.0,0.4,-4.6,-2.0,-2.6,1.0,1.0,2.0,2.0,0.0,0.0,1,0,0,0,2,3,Olympique Lyonnais,10,MIDLE_UP,6.4761906,2.8095236,0.5,-1.5,-1.333333,3.4166665,2.0833333,1.3333334,-1.5833334,-0.9166667,-0.6666667,2.0,2.0,4.0,3.0,0.0,0.0,2,1,0,1,1,1,3.867,3.383,1.987,1.803,2.0,0,0,1,0,NA
7,2,U,Y,N,N,1,1,Montpellier,6,MIDLE_DOWN,3.6904762,-1.8095238,2.0,1.0,1.0,2.9166667,2.0,0.9166667,-3.0833333,-1.0,-2.0833333,0.0,2.0,1.0,4.0,0.0,0.0,1,0,2,1,0,2,Metz,10,MIDLE_UP,3.0888886,-2.1111112,-1.0,3.0,3.0,2.6,1.6,1.0,-2.4,-1.4,-1.0,1.0,0.0,3.0,2.0,0.0,0.0,2,1,0,1,1,1,1.613,3.8,5.967,1.86,1.93,0,1,0,1,NA
7,1,O,N,N,Y,0,3,Monaco,13,TOP_TABLE,10.218183,-2.181818,3.3000002,2.6000004,2.5,4.05,2.25,1.8,-1.95,-0.75,-1.2,1.0,1.0,3.0,3.0,0.0,0.0,2,2,1,0,0,1,Angers SCO,9,MIDLE_UP,3.8333335,2.3333335,5.0,2.5,-2.0,2.4166667,1.4166667,1.0,-3.5833333,-1.5833334,-2.0,1.0,1.0,2.0,1.0,0.0,0.0,2,1,0,0,1,2,1.703,3.617,5.15,2.083,1.717,0,0,2,1,NA
7,1,O,Y,Y,N,2,3,Dijon,4,BOTTOM_TABLE,-2.7666664,-2.6,3.0,-1.5,2.3333335,0.9166667,0.6666667,0.25,-4.083333,-1.3333334,-2.75,1.0,1.0,2.0,2.0,0.0,0.0,1,0,1,0,1,3,Rennes,10,MIDLE_UP,5.1857147,2.4857147,-2.3,3.0,1.0,3.1,2.6,0.5,-2.9,-0.4,-2.5,1.0,0.0,3.0,2.0,0.0,0.0,3,0,0,1,0,2,2.5,3.133,2.977,2.375,1.55,2,0,3,0,NA
7,X,U,N,N,N,0,0,Bordeaux,12,TOP_TABLE,5.211111,3.1111112,-4.0,2.5,3.0,3.55,1.6,1.95,-2.45,-1.4,-1.05,1.0,1.0,2.0,4.0,0.0,0.0,2,2,0,0,1,1,Caen,6,MIDLE_DOWN,-2.2761905,-1.3333333,-2.142857,-2.0,3.0,1.9333334,1.6,0.33333334,-4.0666666,-1.4,-2.6666667,2.0,0.0,4.0,2.0,0.0,0.0,2,0,0,0,1,3,1.773,3.65,4.65,1.967,1.83,0,0,0,0,NA
7,1,U,N,N,N,0,1,Bastia,7,MIDLE_DOWN,-0.36666656,0.5,-2.2,2.3333335,-2.0,1.6666667,0.6666667,1.0,-3.3333333,-1.3333334,-2.0,0.0,0.0,1.0,2.0,0.0,0.0,1,1,1,0,1,2,Guingamp,11,MIDLE_UP,9.025,3.6249995,-1.9333334,1.0,3.0,4.0,2.1666667,1.8333334,-2.0,-0.8333334,-1.1666667,1.0,0.0,2.0,3.0,0.0,0.0,2,1,1,1,0,1,2.5,2.927,3.233,2.625,1.46,0,0,1,0,NA
7,1,O,N,N,Y,0,4,Saint-Etienne,9,MIDLE_UP,6.5,0.0,3.2,1.0,1.0,2.65,1.75,0.9,-1.35,-0.25,-1.1,0.0,0.0,1.0,2.0,0.0,0.0,2,0,1,2,0,1,Lille,4,BOTTOM_TABLE,-3.1333332,-1.8333331,-2.5,-1.6,1.0,2.4333332,1.5333334,0.9,-3.5666668,-1.4666667,-2.1,1.0,1.0,3.0,2.0,0.0,0.0,1,0,0,1,2,2,2.377,2.983,3.167,2.525,1.5,0,0,3,1,NA
7,2,U,N,N,N,0,1,Nancy,5,BOTTOM_TABLE,-0.5,1.5,1.0,3.0,-2.0,1.5,0.5,1.0,-3.5,-2.5,-1.0,0.0,0.0,2.0,1.0,0.0,0.0,0,1,1,1,2,1,Nice,14,TOP_TABLE,12.381818,3.181818,0.0,2.1999998,1.0,4.6,3.1,1.5,-1.4,-0.9,-0.5,1.0,0.0,3.0,1.0,0.0,0.0,3,1,1,1,0,0,2.427,3.067,3.117,2.365,1.57,0,0,0,1,NA
7,1,O,Y,Y,Y,2,3,Olympique Marseille,5,BOTTOM_TABLE,1.4809524,-1.4857143,1.5,-1.2,3.0,2.1333334,1.0,1.1333333,-1.8666667,0.0,-1.8666667,0.0,1.0,0.0,4.0,0.0,0.0,1,0,2,0,0,3,Nantes,5,BOTTOM_TABLE,0.0,2.0,1.0,-2.0,-2.0,1.5,0.0,1.5,-3.5,-2.0,-1.5,1.0,0.0,1.0,1.0,0.0,0.0,0,1,1,1,2,1,2.067,3.15,3.817,2.25,1.635,1,1,2,1,NA
8,1,U,N,N,N,0,1,Rennes,10,MIDLE_UP,1.6857147,-3.5,2.4857147,-2.3,3.0,3.1,2.6,0.5,-3.9,-0.4,-3.5,1.0,1.0,3.0,2.0,0.0,0.0,3,0,0,1,0,3,Guingamp,11,MIDLE_UP,6.4535713,-2.5714283,3.6249995,-1.9333334,1.0,4.0,2.1666667,1.8333334,-3.0,-0.8333334,-2.1666667,1.0,0.0,2.0,2.0,0.0,0.0,2,1,1,1,0,2,2.083,3.183,3.933,2.287,1.603,0,0,1,0,NA
8,1,U,Y,Y,N,2,2,PSG,13,TOP_TABLE,10.061039,-2.181818,3.6000004,3.1428566,1.0,4.75,2.5,2.25,-2.25,-0.5,-1.75,0.0,1.0,2.0,3.0,0.0,0.0,2,2,1,0,0,2,Bordeaux,13,TOP_TABLE,5.211111,0.0,3.1111112,-4.0,2.5,3.55,1.6,1.95,-2.45,-1.4,-1.05,0.0,1.0,1.0,4.0,0.0,0.0,2,2,1,0,1,1,1.267,5.883,11.75,1.475,2.635,2,0,2,0,NA
8,1,U,Y,N,N,1,1,Nantes,5,BOTTOM_TABLE,-1.3333333,-1.3333333,2.0,1.0,-2.0,1.8333334,0.0,1.8333334,-4.1666665,-2.0,-2.1666667,1.0,0.0,1.0,1.0,0.0,0.0,0,1,1,1,2,2,Bastia,10,MIDLE_UP,3.204762,3.5714285,0.5,-2.2,2.3333335,2.6666667,1.6666667,1.0,-3.3333333,-1.3333334,-2.0,0.0,0.0,1.0,2.0,0.0,0.0,2,1,1,0,1,2,1.937,3.15,4.583,2.75,1.435,1,0,1,0,NA
8,2,O,Y,Y,N,3,7,Metz,13,TOP_TABLE,6.4888887,3.4,-2.1111112,-1.0,3.0,3.6,1.6,2.0,-2.4,-1.4,-1.0,1.0,0.0,3.0,1.0,0.0,0.0,2,2,0,1,1,1,Monaco,16,TOP_TABLE,12.859208,2.6410255,-2.181818,3.3000002,2.6000004,4.7166667,2.9166667,1.8,-2.2833333,-1.0833334,-1.2,1.0,1.0,3.0,3.0,0.0,0.0,3,2,1,0,0,1,4.717,3.633,1.773,1.857,1.93,0,3,0,7,NA
8,1,U,N,N,N,0,1,Lille,4,BOTTOM_TABLE,-5.1888885,-2.0555553,-1.8333331,-2.5,-1.6,2.6833332,1.5333334,1.15,-4.3166666,-1.4666667,-2.85,1.0,0.0,3.0,3.0,0.0,0.0,1,0,0,1,2,3,Nancy,5,BOTTOM_TABLE,-3.142857,-2.642857,1.5,1.0,3.0,1.5,0.5,1.0,-4.5,-3.5,-1.0,0.0,0.0,2.0,1.0,0.0,0.0,0,1,1,1,3,1,1.783,3.3,5.3,2.425,1.53,0,0,1,0,NA
8,X,O,Y,Y,Y,3,6,Dijon,7,MIDLE_DOWN,1.7333336,4.5,-2.6,3.0,-1.5,1.9166667,1.6666667,0.25,-4.083333,-1.3333334,-2.75,1.0,1.0,2.0,2.0,0.0,0.0,2,0,1,0,1,3,Montpellier,6,MIDLE_DOWN,1.2904761,-2.4,-1.8095238,2.0,1.0,2.9166667,2.0,0.9166667,-4.083333,-2.0,-2.0833333,0.0,2.0,1.0,4.0,0.0,0.0,1,0,2,1,1,2,2.483,3.15,3.017,2.11,1.693,1,2,3,3,NA
8,1,U,N,N,N,0,1,Caen,7,BOTTOM_TABLE,-0.27619052,2.0,-1.3333333,-2.142857,-2.0,1.9333334,1.6,0.33333334,-4.0666666,-1.4,-2.6666667,2.0,0.0,4.0,1.0,0.0,0.0,2,0,0,1,1,3,Toulouse,14,TOP_TABLE,12.215151,3.181818,2.833333,2.9333332,-1.3333333,3.4666667,2.4666667,1.0,-1.5333334,-0.53333336,-1.0,0.0,0.0,3.0,1.0,0.0,0.0,3,1,0,2,0,1,2.75,3.117,2.717,2.127,1.683,0,0,1,0,NA
8,X,U,N,N,Y,0,2,Angers SCO,9,MIDLE_DOWN,2.192308,-1.6410255,2.3333335,5.0,2.5,2.75,1.4166667,1.3333334,-4.25,-1.5833334,-2.6666667,1.0,0.0,2.0,1.0,0.0,0.0,2,1,0,0,1,3,Olympique Marseille,8,MIDLE_DOWN,3.8142858,2.3333335,-1.4857143,1.5,-1.2,2.8000002,1.6666667,1.1333333,-2.2,-0.33333334,-1.8666667,0.0,1.0,1.0,4.0,0.0,0.0,2,0,2,0,0,3,2.75,3.033,2.81,2.175,1.675,0,0,1,1,NA
8,1,O,Y,N,Y,1,3,Nice,17,TOP_TABLE,16.024675,3.6428576,3.181818,0.0,2.1999998,5.6,3.1,2.5,-1.4,-0.9,-0.5,1.0,0.0,3.0,1.0,0.0,0.0,3,2,1,1,0,0,Lorient,6,BOTTOM_TABLE,-0.9916668,5.333333,-2.625,3.5,-2.0,2.4,2.0,0.4,-4.6,-2.0,-2.6,0.0,1.0,1.0,2.0,0.0,0.0,2,0,0,0,2,3,1.707,3.667,5.2,1.927,1.863,1,0,2,1,NA
8,1,U,Y,N,N,1,2,Olympique Lyonnais,10,MIDLE_UP,2.1428576,-4.333333,2.8095236,0.5,-1.5,3.4166665,2.0833333,1.3333334,-2.5833335,-0.9166667,-1.6666667,2.0,1.0,4.0,2.0,0.0,0.0,2,1,0,1,1,2,Saint-Etienne,12,MIDLE_UP,9.555555,3.0555553,0.0,3.2,1.0,3.4,2.5,0.9,-1.6,-0.5,-1.1,0.0,0.0,2.0,2.0,0.0,0.0,3,0,1,2,0,1,1.85,3.45,4.517,1.863,1.93,1,0,2,0,NA
9,1,O,Y,N,Y,1,4,Toulouse,14,TOP_TABLE,9.215151,-3.0,3.181818,2.833333,2.9333332,3.4666667,2.4666667,1.0,-2.5333333,-0.53333336,-2.0,0.0,0.0,3.0,1.0,0.0,0.0,3,1,0,2,0,2,Monaco,19,TOP_TABLE,16.046707,3.187499,2.6410255,-2.181818,3.3000002,5.7166667,2.9166667,2.8,-2.2833333,-1.0833334,-1.2,1.0,2.0,3.0,4.0,0.0,0.0,3,3,1,0,0,1,2.95,3.233,2.483,2.053,1.747,0,1,3,1,NA
9,1,U,Y,N,N,1,2,Nice,20,TOP_TABLE,19.005068,2.9803925,3.6428576,3.181818,0.0,6.2666664,3.7666667,2.5,-1.7333333,-1.2333333,-0.5,1.0,0.0,3.0,1.0,0.0,0.0,4,2,1,1,0,0,Olympique Lyonnais,13,TOP_TABLE,5.3428574,3.1999998,-4.333333,2.8095236,0.5,4.4166665,3.0833333,1.3333334,-2.5833335,-0.9166667,-1.6666667,1.0,1.0,3.0,2.0,0.0,0.0,3,1,0,1,1,2,2.975,3.35,2.415,1.81,1.98,1,0,2,0,NA
9,2,O,Y,Y,Y,2,3,Nancy,5,BOTTOM_TABLE,-5.392857,-2.25,-2.642857,1.5,1.0,1.5,0.5,1.0,-5.5,-3.5,-2.0,0.0,0.0,2.0,1.0,0.0,0.0,0,1,1,1,3,2,PSG,16,TOP_TABLE,13.061039,3.0,-2.181818,3.6000004,3.1428566,5.75,3.5,2.25,-2.25,-0.5,-1.75,1.0,1.0,2.0,3.0,0.0,0.0,3,2,1,0,0,2,8.333,4.433,1.41,1.997,1.783,0,2,1,2,NA
9,1,O,Y,Y,Y,2,5,Montpellier,7,BOTTOM_TABLE,2.4571428,1.1666667,-2.4,-1.8095238,2.0,3.4166667,2.0,1.4166667,-4.583333,-2.0,-2.5833333,0.0,2.0,1.0,4.0,0.0,0.0,1,0,2,2,1,2,Caen,10,MIDLE_DOWN,3.7238095,4.0,2.0,-1.3333333,-2.142857,2.9333334,2.6,0.33333334,-4.0666666,-1.4,-2.6666667,2.0,0.0,3.0,1.0,0.0,0.0,3,0,0,1,1,3,2.033,3.3,3.933,1.993,1.81,1,1,3,2,NA
9,2,O,Y,N,Y,1,3,Lorient,6,BOTTOM_TABLE,-2.972059,-1.9803922,5.333333,-2.625,3.5,2.7333333,2.0,0.73333335,-5.2666664,-2.0,-3.2666667,0.0,1.0,1.0,2.0,0.0,0.0,2,0,0,0,2,4,Nantes,8,BOTTOM_TABLE,2.6666667,4.0,-1.3333333,2.0,1.0,2.8333335,1.0,1.8333334,-4.1666665,-2.0,-2.1666667,1.0,0.0,1.0,1.0,0.0,0.0,1,1,1,1,2,2,2.583,3.033,2.983,2.5,1.5,0,1,1,2,NA
9,1,U,Y,N,N,1,1,Guingamp,11,MIDLE_UP,4.3535714,-2.1,-2.5714283,3.6249995,-1.9333334,4.0,2.1666667,1.8333334,-4.0,-0.8333334,-3.1666667,1.0,0.0,2.0,2.0,0.0,0.0,2,1,1,1,0,3,Lille,7,BOTTOM_TABLE,-1.9388885,3.25,-2.0555553,-1.8333331,-2.5,3.6833332,2.5333333,1.15,-4.3166666,-1.4666667,-2.85,1.0,0.0,2.0,3.0,0.0,0.0,2,0,0,1,2,3,2.81,2.95,2.767,2.66,1.445,1,0,1,0,NA
9,2,O,Y,Y,Y,2,3,Bastia,10,MIDLE_UP,0.20476198,-3.0,3.5714285,0.5,-2.2,2.6666667,1.6666667,1.0,-4.333333,-1.3333334,-3.0,0.0,0.0,1.0,1.0,0.0,0.0,2,1,1,0,1,3,Angers SCO,10,MIDLE_DOWN,3.067308,0.875,-1.6410255,2.3333335,5.0,3.25,1.9166667,1.3333334,-4.75,-2.0833335,-2.6666667,1.0,0.0,2.0,1.0,0.0,0.0,2,1,1,0,1,3,2.557,2.81,3.3,3.15,1.34,1,1,1,2,NA
9,X,U,Y,N,Y,1,2,Rennes,13,MIDLE_UP,4.7857146,3.1,-3.5,2.4857147,-2.3,4.1,3.6,0.5,-3.9,-0.4,-3.5,0.0,1.0,2.0,2.0,0.0,0.0,4,0,0,1,0,3,Bordeaux,13,TOP_TABLE,3.211111,-2.0,0.0,3.1111112,-4.0,3.55,1.6,1.95,-3.45,-1.4,-2.05,0.0,1.0,1.0,3.0,0.0,0.0,2,2,1,0,1,2,2.533,3.1,2.983,1.85,1.41,1,0,1,1,NA
9,X,U,Y,N,Y,1,2,Saint-Etienne,12,MIDLE_UP,7.3555555,-2.1999998,3.0555553,0.0,3.2,3.4,2.5,0.9,-2.6,-0.5,-2.1,0.0,0.0,2.0,2.0,0.0,0.0,3,0,1,2,0,2,Dijon,8,BOTTOM_TABLE,2.5666668,0.83333325,4.5,-2.6,3.0,2.4166667,2.1666667,0.25,-4.583333,-1.8333334,-2.75,1.0,1.0,3.0,2.0,0.0,0.0,2,0,2,0,1,3,1.757,3.4,5.433,2.167,1.673,0,1,1,1,NA
9,1,U,Y,N,N,1,1,Olympique Marseille,9,MIDLE_DOWN,4.9392858,1.125,2.3333335,-1.4857143,1.5,3.3000002,1.6666667,1.6333333,-2.7,-0.33333334,-2.3666668,0.0,1.0,1.0,3.0,0.0,0.0,2,0,2,1,0,3,Metz,13,MIDLE_UP,4.3013887,-2.1875,3.4,-2.1111112,-1.0,3.6,1.6,2.0,-3.4,-2.4,-1.0,1.0,0.0,4.0,1.0,0.0,0.0,2,2,0,1,2,1,1.403,4.9,7.5,1.343,2.0,1,0,1,0,NA
10,1,O,Y,Y,Y,2,8,Monaco,19,TOP_TABLE,14.189564,-1.8571434,3.187499,2.6410255,-2.181818,5.9666667,2.9166667,3.05,-3.0333333,-1.0833334,-1.95,1.0,1.0,3.0,4.0,0.0,0.0,3,3,1,0,0,2,Montpellier,10,MIDLE_DOWN,5.0857143,2.6285715,1.1666667,-2.4,-1.8095238,4.016667,2.6,1.4166667,-4.983333,-2.4,-2.5833333,1.0,2.0,2.0,4.0,0.0,0.0,2,0,2,2,1,2,1.62,3.825,5.85,1.77,2.01,1,1,6,2,NA
10,2,O,Y,N,Y,1,4,Olympique Lyonnais,13,MIDLE_UP,2.9928575,-2.35,3.1999998,-4.333333,2.8095236,4.4166665,3.0833333,1.3333334,-3.5833335,-0.9166667,-2.6666667,1.0,1.0,3.0,2.0,0.0,0.0,3,1,0,1,1,3,Guingamp,14,TOP_TABLE,7.717208,3.3636365,-2.1,-2.5714283,3.6249995,5.0,3.1666667,1.8333334,-4.0,-0.8333334,-3.1666667,1.0,0.0,1.0,2.0,0.0,0.0,3,1,1,1,0,3,1.467,4.31,7.0,1.713,2.083,1,0,1,3,NA
10,2,O,Y,N,Y,1,3,Nantes,11,MIDLE_DOWN,5.25,2.5833333,4.0,-1.3333333,2.0,3.5000002,1.0,2.5,-4.5,-2.0,-2.5,1.0,0.0,1.0,2.0,0.0,0.0,1,2,1,1,2,2,Rennes,14,MIDLE_UP,5.7857146,1.0,3.1,-3.5,2.4857147,4.6,4.1,0.5,-4.4,-0.9,-3.5,0.0,1.0,2.0,2.0,0.0,0.0,4,0,1,1,0,3,2.3,3.05,3.417,2.39,1.54,1,0,1,2,NA
10,1,O,N,N,Y,0,3,Lille,7,BOTTOM_TABLE,-4.302525,-2.3636365,3.25,-2.0555553,-1.8333331,3.6833332,2.5333333,1.15,-5.3166666,-1.4666667,-3.85,1.0,0.0,2.0,2.0,0.0,0.0,2,0,0,1,2,4,Bastia,10,MIDLE_DOWN,-1.1285713,-1.3333333,-3.0,3.5714285,0.5,3.0,2.0,1.0,-4.9999995,-2.0,-3.0,0.0,0.0,1.0,1.0,0.0,0.0,2,1,1,0,2,3,1.82,3.3,5.0,2.685,1.445,0,0,2,1,NA
10,1,U,N,N,N,0,1,Dijon,9,BOTTOM_TABLE,4.0666666,1.4999998,0.83333325,4.5,-2.6,2.9166667,2.1666667,0.75,-5.083333,-1.8333334,-3.25,1.0,1.0,3.0,2.0,0.0,0.0,2,0,2,1,1,3,Lorient,6,BOTTOM_TABLE,-4.5553923,-1.5833333,-1.9803922,5.333333,-2.625,3.0666666,2.3333333,0.73333335,-5.933333,-2.6666667,-3.2666667,0.0,1.0,2.0,2.0,0.0,0.0,2,0,0,0,3,4,2.217,3.25,3.417,2.077,1.73,0,0,1,0,NA
10,X,U,N,N,Y,0,2,Bordeaux,14,TOP_TABLE,4.211111,1.0,-2.0,0.0,3.1111112,4.05,1.6,2.45,-3.95,-1.4,-2.55,0.0,1.0,1.0,3.0,0.0,0.0,2,2,1,1,1,2,Nancy,5,BOTTOM_TABLE,-7.4136906,-2.0208335,-2.25,-2.642857,1.5,1.8333334,0.8333334,1.0,-6.1666665,-4.1666665,-2.0,0.0,0.0,2.0,1.0,0.0,0.0,0,1,1,1,4,2,1.777,3.367,5.2,2.25,1.635,0,0,1,1,NA
10,X,U,N,N,N,0,0,Angers SCO,13,MIDLE_UP,5.4006414,2.3333335,0.875,-1.6410255,2.3333335,3.9166667,1.9166667,2.0,-5.0833335,-2.0833335,-3.0,1.0,1.0,2.0,2.0,0.0,0.0,2,2,1,0,1,3,Toulouse,17,TOP_TABLE,12.072294,2.8571434,-3.0,3.181818,2.833333,4.2166667,3.2166667,1.0,-2.7833333,-0.78333336,-2.0,0.0,0.0,3.0,1.0,0.0,0.0,4,1,0,2,0,2,2.533,2.967,3.167,2.5,1.515,0,0,0,0,NA
10,2,U,N,N,N,0,2,Caen,10,BOTTOM_TABLE,2.095238,-1.6285715,4.0,2.0,-1.3333333,3.3333335,2.6,0.73333335,-4.6666665,-1.4,-3.266667,2.0,0.0,3.0,2.0,0.0,0.0,3,0,0,1,1,4,Saint-Etienne,13,MIDLE_UP,7.8555555,0.5,-2.1999998,3.0555553,0.0,3.9,3.0,0.9,-3.1,-1.0,-2.1,0.0,0.0,2.0,2.0,0.0,0.0,3,0,2,2,0,2,2.65,3.083,2.877,2.365,1.57,0,0,0,2,NA
10,2,O,Y,Y,Y,3,6,Metz,13,MIDLE_UP,1.8569443,-2.4444444,-2.1875,3.4,-2.1111112,3.6,1.6,2.0,-4.4,-2.4,-2.0,1.0,0.0,4.0,1.0,0.0,0.0,2,2,0,1,2,2,Nice,23,TOP_TABLE,22.355068,3.3500004,2.9803925,3.6428576,3.181818,7.2666664,4.7666664,2.5,-1.7333333,-1.2333333,-0.5,1.0,0.0,2.0,1.0,0.0,0.0,5,2,1,1,0,0,3.283,3.267,2.283,2.07,1.733,1,2,2,4,NA
10,X,U,N,N,N,0,0,PSG,19,TOP_TABLE,16.081873,3.020834,3.0,-2.181818,3.6000004,6.4166665,3.5,2.9166667,-2.5833333,-0.5,-2.0833333,1.0,1.0,2.0,3.0,0.0,0.0,3,3,1,0,0,2,Olympique Marseille,12,MIDLE_DOWN,8.38373,3.4444442,1.125,2.3333335,-1.4857143,4.3,2.6666667,1.6333333,-2.7,-0.33333334,-2.3666668,0.0,1.0,1.0,3.0,0.0,0.0,3,0,2,1,0,3,1.283,5.667,10.583,1.475,2.635,0,0,0,0,NA
11,2,U,N,N,N,0,1,Lille,10,MIDLE_DOWN,-1.5406201,2.761905,-2.3636365,3.25,-2.0555553,4.35,3.2,1.15,-5.65,-1.8000001,-3.85,0.0,0.0,2.0,2.0,0.0,0.0,3,0,0,1,2,4,PSG,20,TOP_TABLE,16.498539,0.41666603,3.020834,3.0,-2.181818,6.4166665,3.5,2.9166667,-2.5833333,-0.5,-2.0833333,0.0,1.0,2.0,3.0,0.0,0.0,3,3,2,0,0,2,6.2,4.017,1.553,2.023,1.777,0,0,0,1,NA
11,2,O,Y,Y,Y,2,3,Toulouse,18,TOP_TABLE,12.764602,0.6923075,2.8571434,-3.0,3.181818,4.2166667,3.2166667,1.0,-2.7833333,-0.78333336,-2.0,0.0,0.0,3.0,1.0,0.0,0.0,4,1,0,3,0,2,Olympique Lyonnais,13,MIDLE_UP,1.4214289,-1.5714285,-2.35,3.1999998,-4.333333,4.6666665,3.3333333,1.3333334,-4.3333335,-1.6666667,-2.6666667,1.0,1.0,3.0,2.0,0.0,0.0,3,1,0,1,2,3,2.633,3.3,2.717,1.927,1.863,1,1,1,2,NA
11,X,U,Y,Y,Y,2,2,Saint-Etienne,16,MIDLE_UP,11.086325,3.2307692,0.5,-2.1999998,3.0555553,4.9,3.0,1.9,-3.1,-1.0,-2.1,0.0,0.0,2.0,2.0,0.0,0.0,3,1,2,2,0,2,Monaco,22,TOP_TABLE,17.163248,2.9736843,-1.8571434,3.187499,2.6410255,6.7166667,3.6666667,3.05,-3.2833333,-1.3333334,-1.95,1.0,1.0,4.0,4.0,0.0,0.0,4,3,1,0,0,2,2.517,3.117,2.983,2.175,1.675,1,1,1,1,NA
11,1,U,Y,Y,N,2,2,Nancy,6,BOTTOM_TABLE,-4.6136904,2.8000002,-2.0208335,-2.25,-2.642857,2.3333335,0.8333334,1.5,-6.6666665,-4.1666665,-2.5,0.0,0.0,2.0,1.0,0.0,0.0,0,1,1,2,4,2,Caen,10,BOTTOM_TABLE,-0.13553119,-2.2307692,-1.6285715,4.0,2.0,3.3333335,2.6,0.73333335,-5.6666665,-2.4,-3.266667,1.0,0.0,3.0,2.0,0.0,0.0,3,0,0,1,2,4,2.033,3.133,4.143,2.38,1.56,2,0,2,0,NA
11,X,O,Y,Y,Y,3,4,Lorient,6,BOTTOM_TABLE,-6.8887258,-2.3333335,-1.5833333,-1.9803922,5.333333,3.0666666,2.3333333,0.73333335,-6.933333,-2.6666667,-4.2666664,0.0,1.0,2.0,2.0,0.0,0.0,2,0,0,0,3,5,Montpellier,10,BOTTOM_TABLE,3.11203,-1.9736843,2.6285715,1.1666667,-2.4,4.266667,2.6,1.6666667,-5.733333,-2.4,-3.3333333,1.0,2.0,2.0,5.0,0.0,0.0,2,0,2,2,1,3,2.05,3.433,3.633,1.907,1.89,2,1,2,2,NA
11,1,U,N,N,N,0,1,Guingamp,17,TOP_TABLE,10.288636,2.5714283,3.3636365,-2.1,-2.5714283,5.75,3.1666667,2.5833335,-4.25,-0.8333334,-3.4166667,1.0,0.0,1.0,2.0,0.0,0.0,3,2,1,1,0,3,Angers SCO,14,MIDLE_UP,6.708334,1.3076925,2.3333335,0.875,-1.6410255,3.9166667,1.9166667,2.0,-5.0833335,-2.0833335,-3.0,0.0,1.0,2.0,2.0,0.0,0.0,2,2,2,0,1,3,2.283,3.083,3.483,2.017,1.333,0,0,1,0,NA
11,X,U,N,N,N,0,0,Bastia,10,MIDLE_DOWN,-2.890476,-1.7619047,-1.3333333,-3.0,3.5714285,3.3333333,2.0,1.3333334,-5.666666,-2.0,-3.6666667,0.0,0.0,1.0,2.0,0.0,0.0,2,1,1,0,2,4,Dijon,12,MIDLE_DOWN,7.3999996,3.333333,1.4999998,0.83333325,4.5,3.9166667,3.1666667,0.75,-5.083333,-1.8333334,-3.25,1.0,1.0,2.0,2.0,0.0,0.0,3,0,2,1,1,3,2.217,3.05,3.6,2.575,1.49,0,0,0,0,NA
11,1,O,Y,Y,Y,2,5,Nice,26,TOP_TABLE,25.123184,2.768116,3.3500004,2.9803925,3.6428576,7.933333,4.7666664,3.1666667,-2.0666666,-1.2333333,-0.8333334,1.0,1.0,2.0,2.0,0.0,0.0,5,3,1,1,0,0,Nantes,11,MIDLE_DOWN,3.702381,-1.5476191,2.5833333,4.0,-1.3333333,3.8333335,1.3333334,2.5,-5.1666665,-2.6666667,-2.5,1.0,0.0,1.0,2.0,0.0,0.0,1,2,1,1,3,2,1.967,3.233,4.293,2.153,1.68,2,0,4,1,NA
11,1,U,N,N,N,0,1,Rennes,17,MIDLE_UP,8.333334,2.5476193,1.0,3.1,-3.5,5.2666664,4.1,1.1666667,-4.7333336,-0.9,-3.8333333,0.0,1.0,2.0,2.0,0.0,0.0,4,1,1,1,0,3,Metz,13,MIDLE_DOWN,0.088828325,-1.768116,-2.4444444,-2.1875,3.4,3.9333332,1.9333334,2.0,-5.0666666,-3.0666668,-2.0,1.0,0.0,4.0,1.0,0.0,0.0,2,2,0,1,3,2,1.593,3.817,6.25,1.863,1.927,0,0,1,0,NA
11,X,U,N,N,N,0,0,Olympique Marseille,13,MIDLE_UP,9.967063,1.583333,3.4444442,1.125,2.3333335,4.3,2.6666667,1.6333333,-2.7,-0.33333334,-2.3666668,0.0,1.0,1.0,3.0,0.0,0.0,3,0,2,2,0,3,Bordeaux,15,MIDLE_UP,3.411111,-0.79999995,1.0,-2.0,0.0,4.55,2.1,2.45,-4.45,-1.9,-2.55,0.0,1.0,1.0,3.0,0.0,0.0,2,2,2,1,1,2,2.133,3.25,3.617,2.07,1.723,0,0,0,0,NA
12,1,O,Y,Y,Y,2,4,Montpellier,11,MIDLE_DOWN,3.4453633,0.33333325,-1.9736843,2.6285715,1.1666667,4.766667,2.6,2.1666667,-6.233333,-2.4,-3.8333333,1.0,2.0,2.0,5.0,0.0,0.0,2,0,2,3,1,3,Olympique Marseille,14,MIDLE_UP,11.120909,1.1538458,1.583333,3.4444442,1.125,4.3,2.6666667,1.6333333,-2.7,-0.33333334,-2.3666668,0.0,1.0,1.0,3.0,0.0,0.0,3,0,3,2,0,3,2.5,3.183,2.943,2.027,1.78,2,0,3,1,NA
12,1,O,Y,Y,N,2,6,Monaco,23,TOP_TABLE,17.788248,0.625,2.9736843,-1.8571434,3.187499,7.2166667,3.6666667,3.55,-3.7833333,-1.3333334,-2.45,1.0,1.0,4.0,3.0,0.0,0.0,4,3,1,1,0,2,Nancy,9,BOTTOM_TABLE,-0.94702363,3.6666667,2.8000002,-2.0208335,-2.25,3.3333335,1.8333334,1.5,-6.6666665,-4.1666665,-2.5,1.0,0.0,2.0,1.0,0.0,0.0,1,1,1,2,4,2,1.467,4.117,8.0,1.843,1.95,2,0,6,0,NA
12,1,O,Y,N,Y,1,3,Olympique Lyonnais,16,MIDLE_UP,4.1393776,2.7179487,-1.5714285,-2.35,3.1999998,5.333333,3.3333333,2.0,-4.666667,-1.6666667,-3.0,1.0,1.0,3.0,2.0,0.0,0.0,3,2,0,1,2,3,Bastia,11,MIDLE_DOWN,-1.690476,1.2,-1.7619047,-1.3333333,-3.0,3.3333333,2.0,1.3333334,-5.666666,-2.0,-3.6666667,0.0,0.0,1.0,2.0,0.0,0.0,2,1,2,0,2,4,1.413,4.533,8.417,1.677,2.157,1,0,2,1,NA
12,X,U,Y,N,Y,1,2,Nantes,11,MIDLE_DOWN,1.5254579,-2.176923,-1.5476191,2.5833333,4.0,4.0333333,1.3333334,2.7,-5.9666667,-2.6666667,-3.3,1.0,1.0,1.0,2.0,0.0,0.0,1,2,1,1,3,3,Toulouse,18,TOP_TABLE,11.046653,-1.7179489,0.6923075,2.8571434,-3.0,4.55,3.55,1.0,-3.45,-1.45,-2.0,1.0,0.0,3.0,1.0,0.0,0.0,4,1,0,3,1,2,2.55,2.983,3.083,2.725,1.435,0,1,1,1,NA
12,X,O,Y,Y,Y,4,6,Dijon,13,MIDLE_DOWN,8.2,0.8000002,3.333333,1.4999998,0.83333325,3.9166667,3.1666667,0.75,-5.083333,-1.8333334,-3.25,1.0,1.0,2.0,2.0,0.0,0.0,3,0,2,2,1,3,Guingamp,20,TOP_TABLE,13.465107,3.1764708,2.5714283,3.3636365,-2.1,6.75,4.166667,2.5833335,-4.25,-0.8333334,-3.4166667,0.0,0.0,1.0,2.0,0.0,0.0,4,2,1,1,0,3,2.55,3.05,3.033,2.225,1.635,3,1,3,3,NA
12,1,O,Y,N,Y,1,3,Bordeaux,16,MIDLE_UP,4.257265,0.846154,-0.79999995,1.0,-2.0,4.55,2.1,2.45,-4.45,-1.9,-2.55,0.0,1.0,1.0,2.0,0.0,0.0,2,2,2,2,1,2,Lorient,7,BOTTOM_TABLE,-5.2220592,1.6666665,-2.3333335,-1.5833333,-1.9803922,3.5666666,2.8333333,0.73333335,-7.433333,-3.1666667,-4.2666664,1.0,1.0,2.0,2.0,0.0,0.0,2,0,1,0,3,5,1.75,3.567,5.05,2.077,1.72,1,0,2,1,NA
12,1,U,N,N,N,0,1,Angers SCO,14,MIDLE_UP,4.531863,-2.1764708,1.3076925,2.3333335,0.875,3.9166667,1.9166667,2.0,-6.0833335,-2.0833335,-4.0,0.0,0.0,2.0,1.0,0.0,0.0,2,2,2,0,1,4,Lille,10,BOTTOM_TABLE,-4.04062,-2.4999998,2.761905,-2.3636365,3.25,4.35,3.2,1.15,-6.65,-2.8000002,-3.85,0.0,0.0,2.0,2.0,0.0,0.0,3,0,0,1,3,4,2.4,2.927,3.45,2.825,1.42,0,0,1,0,NA
12,1,U,Y,N,N,1,1,Caen,10,BOTTOM_TABLE,-2.802198,-2.6666667,-2.2307692,-1.6285715,4.0,3.3333335,2.6,0.73333335,-6.6666665,-2.4,-4.266667,1.0,1.0,3.0,2.0,0.0,0.0,3,0,0,1,2,5,Nice,29,TOP_TABLE,28.300108,3.1769238,2.768116,3.3500004,2.9803925,8.733333,5.5666666,3.1666667,-2.2666667,-1.4333334,-0.8333334,1.0,1.0,3.0,2.0,0.0,0.0,6,3,1,1,0,0,2.95,3.3,2.417,1.95,1.853,1,0,1,0,NA
12,X,U,N,N,N,0,0,Metz,13,MIDLE_DOWN,-2.1464658,-2.235294,-1.768116,-2.4444444,-2.1875,3.9333332,1.9333334,2.0,-6.0666666,-3.0666668,-3.0,1.0,0.0,4.0,1.0,0.0,0.0,2,2,0,1,3,3,Saint-Etienne,17,MIDLE_UP,12.461325,1.375,3.2307692,0.5,-2.1999998,5.4,3.5,1.9,-3.6,-1.5,-2.1,0.0,0.0,2.0,2.0,0.0,0.0,3,1,3,2,0,2,3.583,3.217,2.167,2.207,1.643,0,0,0,0,NA
12,1,O,Y,Y,N,2,4,PSG,23,TOP_TABLE,19.998539,3.5,0.41666603,3.020834,3.0,7.4166665,3.5,3.9166667,-2.5833333,-0.5,-2.0833333,0.0,1.0,2.0,2.0,0.0,0.0,3,4,2,0,0,2,Rennes,20,TOP_TABLE,11.568628,3.2352943,2.5476193,1.0,3.1,6.2666664,5.1,1.1666667,-4.7333336,-0.9,-3.8333333,0.0,1.0,2.0,2.0,0.0,0.0,5,1,1,1,0,3,1.217,6.567,13.083,1.525,2.435,2,0,4,0,NA
13,2,O,N,N,N,0,3,Lorient,7,BOTTOM_TABLE,-7.1178923,-1.895833,1.6666665,-2.3333335,-1.5833333,3.8999999,2.8333333,1.0666667,-8.099999,-3.1666667,-4.933333,1.0,1.0,2.0,2.0,0.0,0.0,2,0,1,0,3,6,Monaco,26,TOP_TABLE,21.396944,3.608696,0.625,2.9736843,-1.8571434,8.216667,4.666667,3.55,-3.7833333,-1.3333334,-2.45,1.0,1.0,4.0,3.0,0.0,0.0,5,3,1,1,0,2,3.867,3.6,1.937,1.7,2.097,0,0,0,3,NA
13,2,U,Y,N,N,1,1,Lille,10,BOTTOM_TABLE,-6.326334,-2.2857141,-2.4999998,2.761905,-2.3636365,4.35,3.2,1.15,-7.65,-2.8000002,-4.85,0.0,0.0,2.0,2.0,0.0,0.0,3,0,0,1,3,5,Olympique Lyonnais,19,MIDLE_UP,6.785211,2.6458335,2.7179487,-1.5714285,-2.35,5.9999995,4.0,2.0,-5.0000005,-2.0,-3.0,1.0,1.0,3.0,2.0,0.0,0.0,4,2,0,1,2,3,3.1,3.1,2.443,2.08,1.737,0,1,0,1,NA
13,1,U,Y,N,N,1,2,PSG,26,TOP_TABLE,23.128973,3.130434,3.5,0.41666603,3.020834,8.416666,4.5,3.9166667,-2.5833333,-0.5,-2.0833333,1.0,1.0,2.0,2.0,0.0,0.0,4,4,2,0,0,2,Nantes,12,MIDLE_DOWN,3.1618214,1.6363635,-2.176923,-1.5476191,2.5833333,4.5333333,1.8333334,2.7,-6.4666667,-3.1666667,-3.3,1.0,1.0,1.0,2.0,0.0,0.0,1,2,2,1,3,3,1.21,6.483,13.833,1.6,2.3,1,0,2,0,NA
13,2,O,Y,N,Y,1,3,Toulouse,19,TOP_TABLE,11.410289,0.36363602,-1.7179489,0.6923075,2.8571434,5.05,3.55,1.5,-3.95,-1.45,-2.5,1.0,0.0,3.0,1.0,0.0,0.0,4,1,0,4,1,2,Metz,14,MIDLE_DOWN,-0.8387735,1.3076923,-2.235294,-1.768116,-2.4444444,3.9333332,1.9333334,2.0,-6.0666666,-3.0666668,-3.0,1.0,0.0,3.0,1.0,0.0,0.0,2,2,1,1,3,3,1.52,4.033,7.017,1.857,1.94,0,1,1,2,NA
13,X,U,Y,N,Y,1,2,Rennes,20,TOP_TABLE,9.438193,-2.130435,3.2352943,2.5476193,1.0,6.2666664,5.1,1.1666667,-5.7333336,-0.9,-4.833333,0.0,1.0,2.0,2.0,0.0,0.0,5,1,1,1,0,4,Angers SCO,17,MIDLE_UP,7.8175774,3.2857141,-2.1764708,1.3076925,2.3333335,4.916667,2.9166667,2.0,-6.0833335,-2.0833335,-4.0,0.0,0.0,1.0,1.0,0.0,0.0,3,2,2,0,1,4,2.333,3.0,3.517,2.38,1.56,1,0,1,1,NA
13,1,U,N,N,N,0,1,Nancy,9,BOTTOM_TABLE,-3.5557191,-2.6086955,3.6666667,2.8000002,-2.0208335,3.3333335,1.8333334,1.5,-7.6666665,-4.1666665,-3.5,1.0,0.0,2.0,2.0,0.0,0.0,1,1,1,2,4,3,Dijon,14,MIDLE_DOWN,9.7384615,1.5384617,0.8000002,3.333333,1.4999998,4.416667,3.6666667,0.75,-5.583333,-2.3333335,-3.25,1.0,1.0,3.0,2.0,0.0,0.0,3,0,3,2,1,3,2.05,3.267,3.95,2.125,1.685,0,0,1,0,NA
13,X,U,Y,N,Y,1,2,Bastia,11,BOTTOM_TABLE,-3.3363092,-1.6458333,1.2,-1.7619047,-1.3333333,3.6666665,2.0,1.6666667,-6.3333325,-2.0,-4.3333335,0.0,0.0,1.0,2.0,0.0,0.0,2,1,2,0,2,5,Montpellier,14,MIDLE_DOWN,6.2180905,2.7727273,0.33333325,-1.9736843,2.6285715,5.516667,3.35,2.1666667,-6.483333,-2.65,-3.8333333,1.0,2.0,2.0,5.0,0.0,0.0,3,0,2,3,1,3,2.85,3.033,2.667,2.25,1.615,1,0,1,1,NA
13,X,U,Y,N,Y,1,2,Guingamp,21,TOP_TABLE,13.926645,0.4615383,3.1764708,2.5714283,3.3636365,7.25,4.166667,3.0833335,-4.75,-0.8333334,-3.9166667,0.0,1.0,1.0,3.0,0.0,0.0,4,2,1,2,0,3,Bordeaux,19,MIDLE_UP,7.1530986,2.8958335,0.846154,-0.79999995,1.0,5.2166667,2.7666667,2.45,-4.7833333,-2.2333333,-2.55,0.0,1.0,2.0,2.0,0.0,0.0,3,2,2,2,1,2,2.467,3.1,2.917,2.15,1.65,0,1,1,1,NA
13,1,U,N,N,N,0,1,Olympique Marseille,14,MIDLE_DOWN,9.348182,-1.772727,1.1538458,1.583333,3.4444442,4.55,2.6666667,1.8833333,-3.45,-0.33333334,-3.1166668,0.0,1.0,1.0,3.0,0.0,0.0,3,0,3,2,0,4,Caen,13,MIDLE_DOWN,2.0978022,4.9,-2.6666667,-2.2307692,-1.6285715,4.3333335,3.6,0.73333335,-6.6666665,-2.4,-4.266667,1.0,1.0,2.0,2.0,0.0,0.0,4,0,0,1,2,5,1.767,3.6,4.85,2.0,1.783,0,0,1,0,NA
13,2,U,N,N,N,0,1,Saint-Etienne,18,MIDLE_UP,13.153632,0.6923075,1.375,3.2307692,0.5,5.4,3.5,1.9,-3.6,-1.5,-2.1,0.0,0.0,2.0,1.0,0.0,0.0,3,1,3,3,0,2,Nice,29,TOP_TABLE,24.400108,-3.8999996,3.1769238,2.768116,3.3500004,8.733333,5.5666666,3.1666667,-3.2666667,-1.4333334,-1.8333334,1.0,1.0,3.0,2.0,0.0,0.0,6,3,1,1,0,1,2.183,3.217,3.5,1.883,1.39,0,0,0,1,NA
14,1,U,Y,N,N,1,1,Rennes,21,TOP_TABLE,10.261723,0.82352924,-2.130435,3.2352943,2.5476193,6.7666664,5.6,1.1666667,-6.2333336,-1.4,-4.833333,0.0,1.0,2.0,2.0,0.0,0.0,5,1,2,1,0,4,Toulouse,19,MIDLE_UP,9.719812,-1.6904764,0.36363602,-1.7179489,0.6923075,5.3833337,3.8833332,1.5,-4.616667,-2.1166668,-2.5,1.0,0.0,3.0,1.0,0.0,0.0,4,1,0,4,2,2,2.37,3.117,3.233,2.23,1.63,1,0,1,0,NA
14,1,O,Y,Y,N,3,4,Monaco,29,TOP_TABLE,25.127712,3.7307682,3.608696,0.625,2.9736843,9.216667,4.666667,4.55,-3.7833333,-1.3333334,-2.45,1.0,1.0,4.0,3.0,0.0,0.0,5,4,1,1,0,2,Olympique Marseille,17,MIDLE_DOWN,12.41961,3.0714283,-1.772727,1.1538458,1.583333,5.55,3.6666667,1.8833333,-3.45,-0.33333334,-3.1166668,0.0,1.0,1.0,3.0,0.0,0.0,4,0,3,2,0,4,1.637,3.883,5.583,1.873,1.923,3,0,4,0,NA
14,X,U,N,N,N,0,0,Nantes,12,BOTTOM_TABLE,0.6233597,-2.5384617,1.6363635,-2.176923,-1.5476191,4.5333333,1.8333334,2.7,-7.4666667,-3.1666667,-4.3,1.0,1.0,1.0,2.0,0.0,0.0,1,2,2,1,3,4,Lille,10,BOTTOM_TABLE,-8.800018,-2.4736843,-2.2857141,-2.4999998,2.761905,4.35,3.2,1.15,-8.65,-3.8000002,-4.85,0.0,0.0,2.0,2.0,0.0,0.0,3,0,0,1,4,5,2.367,2.967,3.383,2.75,1.435,0,0,0,0,NA
14,X,U,N,N,N,0,0,Montpellier,15,MIDLE_DOWN,6.945363,0.7272725,2.7727273,0.33333325,-1.9736843,6.016667,3.35,2.6666667,-6.983333,-2.65,-4.333333,1.0,2.0,2.0,4.0,0.0,0.0,3,0,2,4,1,3,Nancy,12,BOTTOM_TABLE,-1.6355515E-4,3.5555556,-2.6086955,3.6666667,2.8000002,4.3333335,2.8333335,1.5,-7.6666665,-4.1666665,-3.5,0.0,0.0,2.0,2.0,0.0,0.0,2,1,1,2,4,3,1.85,3.5,4.35,2.127,1.683,0,0,0,0,NA
14,X,O,Y,Y,Y,2,6,Metz,17,MIDLE_DOWN,1.8517029,2.6904764,1.3076923,-2.235294,-1.768116,4.6,1.9333334,2.6666667,-6.4,-3.0666668,-3.3333333,1.0,0.0,3.0,1.0,0.0,0.0,2,3,1,1,3,3,Lorient,7,BOTTOM_TABLE,-9.848661,-2.7307692,-1.895833,1.6666665,-2.3333335,3.8999999,2.8333333,1.0666667,-9.099999,-4.166667,-4.933333,1.0,1.0,2.0,2.0,0.0,0.0,2,0,1,0,4,6,2.507,3.217,2.867,1.997,1.81,1,1,3,3,NA
14,X,U,N,N,Y,0,2,Caen,13,MIDLE_DOWN,0.026373625,-2.0714285,4.9,-2.6666667,-2.2307692,4.3333335,3.6,0.73333335,-7.6666665,-2.4,-5.266667,1.0,0.0,2.0,2.0,0.0,0.0,4,0,0,1,2,6,Guingamp,22,TOP_TABLE,14.8213825,0.89473724,0.4615383,3.1764708,2.5714283,7.75,4.666667,3.0833335,-5.25,-1.3333334,-3.9166667,0.0,1.0,1.0,3.0,0.0,0.0,4,2,2,2,0,3,2.333,3.117,3.283,2.3,1.6,0,0,1,1,NA
14,1,O,Y,N,Y,1,5,Bordeaux,20,MIDLE_UP,8.258362,1.1052632,2.8958335,0.846154,-0.79999995,5.7166667,2.7666667,2.95,-5.2833333,-2.2333333,-3.05,0.0,1.0,2.0,2.0,0.0,0.0,3,2,2,3,1,2,Dijon,14,MIDLE_DOWN,7.182906,-2.5555553,1.5384617,0.8000002,3.333333,4.416667,3.6666667,0.75,-6.583333,-2.3333335,-4.25,1.0,0.0,3.0,1.0,0.0,0.0,3,0,3,2,1,4,1.6,3.917,5.733,1.9,1.883,0,1,3,2,NA
14,2,O,Y,N,Y,1,3,Angers SCO,18,MIDLE_UP,8.994048,1.1764708,3.2857141,-2.1764708,1.3076925,5.416667,2.9166667,2.5,-6.5833335,-2.0833335,-4.5,0.0,0.0,1.0,1.0,0.0,0.0,3,2,2,1,1,4,Saint-Etienne,18,MIDLE_UP,10.774322,-2.3793106,0.6923075,1.375,3.2307692,5.4,3.5,1.9,-4.6,-2.5,-2.1,0.0,0.0,2.0,1.0,0.0,0.0,3,1,3,3,1,2,2.567,2.85,3.217,2.99,1.375,1,0,1,2,NA
14,X,U,Y,N,Y,1,2,Nice,32,TOP_TABLE,27.779419,3.3793106,-3.8999996,3.1769238,2.768116,9.733333,5.5666666,4.166667,-3.2666667,-1.4333334,-1.8333334,1.0,0.0,3.0,2.0,0.0,0.0,6,4,1,1,0,1,Bastia,12,BOTTOM_TABLE,-2.063582,1.2727273,-1.6458333,1.2,-1.7619047,4.1666665,2.5,1.6666667,-6.8333325,-2.5,-4.3333335,0.0,0.0,1.0,2.0,0.0,0.0,2,1,3,0,2,5,1.637,3.7,6.017,2.137,1.677,1,0,1,1,NA
14,2,O,Y,N,Y,1,3,Olympique Lyonnais,22,TOP_TABLE,10.258896,3.4736848,2.6458335,2.7179487,-1.5714285,6.9999995,4.0,3.0,-5.0000005,-2.0,-3.0,1.0,1.0,3.0,2.0,0.0,0.0,4,3,0,1,2,3,PSG,29,TOP_TABLE,26.667435,3.5384617,3.130434,3.5,0.41666603,9.416666,5.5,3.9166667,-2.5833333,-0.5,-2.0833333,1.0,1.0,2.0,2.0,0.0,0.0,5,4,2,0,0,2,3.717,3.467,2.017,1.82,1.98,0,1,1,2,NA
15,1,O,Y,Y,Y,2,3,Lorient,8,BOTTOM_TABLE,-7.4200897,2.4285717,-2.7307692,-1.895833,1.6666665,4.3999996,2.8333333,1.5666667,-9.599999,-4.166667,-5.433333,1.0,1.0,2.0,3.0,0.0,0.0,2,0,1,1,4,6,Rennes,24,TOP_TABLE,13.35696,3.0952377,0.82352924,-2.130435,3.2352943,7.7666664,6.6,1.1666667,-6.2333336,-1.4,-4.833333,0.0,1.0,2.0,2.0,0.0,0.0,6,1,2,1,0,4,2.623,3.133,2.81,2.053,1.75,1,1,2,1,NA
15,1,O,Y,Y,Y,3,6,Lille,11,BOTTOM_TABLE,-7.6000185,1.1999998,-2.4736843,-2.2857141,-2.4999998,4.35,3.2,1.15,-8.65,-3.8000002,-4.85,0.0,0.0,2.0,2.0,0.0,0.0,3,0,0,2,4,5,Caen,14,MIDLE_DOWN,1.7186813,1.6923077,-2.0714285,4.9,-2.6666667,4.8333335,4.1,0.73333335,-8.166666,-2.9,-5.266667,1.0,0.0,2.0,2.0,0.0,0.0,4,0,1,1,2,6,1.767,3.383,5.383,2.38,1.56,2,1,4,2,NA
15,X,U,Y,N,Y,1,2,Dijon,14,MIDLE_DOWN,5.682906,-1.5,-2.5555553,1.5384617,0.8000002,4.816667,3.6666667,1.15,-7.183333,-2.3333335,-4.85,1.0,0.0,3.0,2.0,0.0,0.0,3,0,3,2,1,5,Monaco,32,TOP_TABLE,28.541506,3.4137936,3.7307682,3.608696,0.625,10.216667,5.666667,4.55,-3.7833333,-1.3333334,-2.45,1.0,1.0,4.0,3.0,0.0,0.0,6,4,1,1,0,2,5.35,4.05,1.63,1.4,1.867,0,1,1,1,NA
15,1,U,Y,N,N,1,1,Toulouse,19,MIDLE_UP,7.624574,-2.0952382,-1.6904764,0.36363602,-1.7179489,5.3833337,3.8833332,1.5,-5.616667,-2.1166668,-3.5,1.0,0.0,3.0,1.0,0.0,0.0,4,1,0,4,2,3,Montpellier,16,MIDLE_DOWN,7.695363,0.75,0.7272725,2.7727273,0.33333325,6.016667,3.35,2.6666667,-6.983333,-2.65,-4.333333,1.0,2.0,2.0,4.0,0.0,0.0,3,0,3,4,1,3,2.233,3.233,3.383,2.1,1.71,1,0,1,0,NA
15,X,U,N,N,N,0,0,Saint-Etienne,21,MIDLE_UP,13.107655,2.333333,-2.3793106,0.6923075,1.375,6.0666666,3.5,2.5666666,-4.9333334,-2.5,-2.4333332,0.0,0.0,2.0,2.0,0.0,0.0,3,2,3,3,1,2,Olympique Marseille,17,MIDLE_DOWN,10.005817,-2.4137926,3.0714283,-1.772727,1.1538458,5.55,3.6666667,1.8833333,-4.45,-0.33333334,-4.116667,0.0,1.0,1.0,3.0,0.0,0.0,4,0,3,2,0,5,2.117,3.183,3.75,2.347,1.567,0,0,0,0,NA
15,2,O,Y,Y,N,3,6,Nantes,13,BOTTOM_TABLE,1.4233596,0.79999995,-2.5384617,1.6363635,-2.176923,4.5333333,1.8333334,2.7,-7.4666667,-3.1666667,-4.3,0.0,1.0,1.0,2.0,0.0,0.0,1,2,3,1,3,4,Olympique Lyonnais,22,MIDLE_UP,8.684183,-1.5747128,3.4736848,2.6458335,2.7179487,7.333333,4.3333335,3.0,-5.666667,-2.6666667,-3.0,1.0,1.0,3.0,2.0,0.0,0.0,4,3,0,1,3,3,3.7,3.317,2.067,2.1,1.713,0,3,0,6,NA
15,1,O,Y,N,N,1,4,Nancy,13,BOTTOM_TABLE,1.2498364,1.25,3.5555556,-2.6086955,3.6666667,4.3333335,2.8333335,1.5,-7.6666665,-4.1666665,-3.5,0.0,0.0,2.0,1.0,0.0,0.0,2,1,1,3,4,3,Metz,18,MIDLE_UP,1.4231315,-0.42857146,2.6904764,1.3076923,-2.235294,5.1,2.4333334,2.6666667,-6.9,-3.5666668,-3.3333333,1.0,0.0,4.0,1.0,0.0,0.0,2,3,2,1,3,3,2.083,3.217,3.9,2.243,1.627,1,0,4,0,NA
15,2,U,Y,N,N,1,1,Guingamp,23,TOP_TABLE,15.129075,0.30769253,0.89473724,0.4615383,3.1764708,8.25,4.666667,3.5833335,-5.75,-1.3333334,-4.416667,0.0,0.0,1.0,2.0,0.0,0.0,4,2,2,3,0,3,Nice,33,TOP_TABLE,27.112753,-0.66666603,3.3793106,-3.8999996,3.1769238,10.233333,6.0666666,4.166667,-3.7666667,-1.9333334,-1.8333334,1.0,0.0,3.0,2.0,0.0,0.0,6,4,2,1,0,1,2.533,3.133,2.983,2.087,1.713,0,1,0,1,NA
15,X,U,N,N,Y,0,2,Bastia,13,BOTTOM_TABLE,0.60308456,2.6666665,1.2727273,-1.6458333,1.2,4.6666665,2.5,2.1666667,-7.3333325,-2.5,-4.8333335,0.0,0.0,1.0,2.0,0.0,0.0,2,1,3,1,2,5,Bordeaux,23,MIDLE_UP,10.758362,2.5,1.1052632,2.8958335,0.846154,6.3166666,3.3666668,2.95,-5.6833334,-2.6333334,-3.05,0.0,1.0,2.0,2.0,0.0,0.0,4,2,2,3,1,2,3.067,3.0,2.533,2.575,1.49,0,0,1,1,NA
15,1,U,Y,N,N,1,2,PSG,32,TOP_TABLE,29.242147,2.5747128,3.5384617,3.130434,3.5,10.083333,5.5,4.5833335,-2.9166665,-0.5,-2.4166665,1.0,1.0,2.0,2.0,0.0,0.0,5,5,2,0,0,2,Angers SCO,18,MIDLE_UP,7.660715,-1.333333,1.1764708,3.2857141,-2.1764708,5.7500005,3.25,2.5,-7.25,-2.7500002,-4.5,0.0,0.0,2.0,1.0,0.0,0.0,3,2,2,1,2,4,1.21,6.3,14.75,1.607,2.28,1,0,2,0,NA
16,X,O,Y,Y,Y,4,6,Caen,14,BOTTOM_TABLE,0.11262083,-1.6060605,1.6923077,-2.0714285,4.9,5.166667,4.1,1.0666667,-8.833333,-2.9,-5.9333334,1.0,1.0,2.0,2.0,0.0,0.0,4,0,1,1,2,7,Dijon,15,MIDLE_DOWN,7.9686203,2.2857141,-1.5,-2.5555553,1.5384617,5.316667,4.166667,1.15,-7.683333,-2.8333335,-4.85,1.0,0.0,3.0,2.0,0.0,0.0,3,0,4,2,1,5,2.1,3.3,3.583,1.93,1.857,3,1,3,3,NA
16,1,O,Y,N,N,1,3,Montpellier,16,MIDLE_DOWN,5.5374684,-2.1578946,0.75,0.7272725,2.7727273,6.016667,3.35,2.6666667,-7.983333,-2.65,-5.333333,1.0,2.0,2.0,4.0,0.0,0.0,3,0,3,4,1,4,PSG,35,TOP_TABLE,32.67965,3.437502,2.5747128,3.5384617,3.130434,11.083333,6.5,4.5833335,-2.9166665,-0.5,-2.4166665,1.0,1.0,2.0,2.0,0.0,0.0,6,5,2,0,0,2,6.983,4.353,1.47,1.703,2.093,1,0,3,0,NA
16,1,O,Y,N,N,1,5,Monaco,33,TOP_TABLE,28.25579,-0.2857151,3.4137936,3.7307682,3.608696,10.716667,5.666667,5.05,-4.2833333,-1.3333334,-2.95,1.0,1.0,4.0,3.0,0.0,0.0,6,4,1,2,0,2,Bastia,14,BOTTOM_TABLE,2.3723154,1.7692308,2.6666665,1.2727273,-1.6458333,5.1666665,3.0,2.1666667,-7.8333325,-3.0,-4.8333335,0.0,0.0,1.0,2.0,0.0,0.0,2,1,4,1,2,5,1.317,5.15,9.833,1.707,2.113,1,0,5,0,NA
16,1,U,Y,N,N,1,2,Guingamp,23,MIDLE_UP,12.826045,-2.30303,0.30769253,0.89473724,0.4615383,8.25,4.666667,3.5833335,-6.75,-2.3333335,-4.416667,0.0,0.0,1.0,2.0,0.0,0.0,4,2,2,3,1,3,Nantes,13,BOTTOM_TABLE,-0.98573136,-2.409091,0.79999995,-2.5384617,1.6363635,4.5333333,1.8333334,2.7,-8.466667,-4.166667,-4.3,1.0,1.0,2.0,2.0,0.0,0.0,1,2,3,1,4,4,2.125,3.075,3.775,1.75,1.25,1,0,2,0,NA
16,2,U,Y,N,N,1,1,Bordeaux,24,TOP_TABLE,10.989131,0.23076916,2.5,1.1052632,2.8958335,6.8166666,3.3666668,3.45,-6.1833334,-2.6333334,-3.55,0.0,1.0,2.0,2.0,0.0,0.0,4,2,2,4,1,2,Lille,14,BOTTOM_TABLE,-4.9939575,2.606061,1.1999998,-2.4736843,-2.2857141,5.0166664,3.8666668,1.15,-8.983333,-4.1333337,-4.85,1.0,0.0,2.0,2.0,0.0,0.0,4,0,0,2,4,5,2.37,3.017,3.283,2.435,1.525,0,1,0,1,NA
16,X,O,Y,Y,Y,2,4,Angers SCO,18,MIDLE_UP,5.223215,-2.4375,-1.333333,1.1764708,3.2857141,5.7500005,3.25,2.5,-8.25,-2.7500002,-5.5,0.0,0.0,2.0,1.0,0.0,0.0,3,2,2,1,2,5,Lorient,11,BOTTOM_TABLE,-3.0867567,4.333333,2.4285717,-2.7307692,-1.895833,5.066666,3.5,1.5666667,-9.933332,-4.5000005,-5.433333,1.0,1.0,2.0,3.0,0.0,0.0,3,0,1,1,4,6,2.025,3.225,3.95,1.6,1.325,1,1,2,2,NA
16,1,U,N,N,N,0,2,Rennes,24,MIDLE_UP,10.023626,-3.333334,3.0952377,0.82352924,-2.130435,8.099999,6.6,1.5000001,-6.9,-1.4,-5.4999995,0.0,1.0,2.0,2.0,0.0,0.0,6,1,2,1,0,5,Saint-Etienne,22,MIDLE_UP,13.87236,0.76470566,2.333333,-2.3793106,0.6923075,6.0666666,3.5,2.5666666,-4.9333334,-2.5,-2.4333332,0.0,0.0,1.0,2.0,0.0,0.0,3,2,4,3,1,2,2.5,2.983,3.1,2.575,1.49,0,0,2,0,NA
16,1,O,N,N,N,0,3,Olympique Marseille,18,MIDLE_DOWN,11.241112,1.2352943,-2.4137926,3.0714283,-1.772727,5.55,3.6666667,1.8833333,-4.45,-0.33333334,-4.116667,0.0,1.0,1.0,2.0,0.0,0.0,4,0,3,3,0,5,Nancy,16,MIDLE_DOWN,4.634452,3.3846154,1.25,3.5555556,-2.6086955,5.3333335,3.8333335,1.5,-7.6666665,-4.1666665,-3.5,0.0,0.0,2.0,1.0,0.0,0.0,3,1,1,3,4,3,1.773,3.367,5.15,2.123,1.697,0,0,3,0,NA
16,1,O,Y,Y,N,2,3,Nice,36,TOP_TABLE,30.415783,3.30303,-0.66666603,3.3793106,-3.8999996,11.233333,6.0666666,5.166667,-3.7666667,-1.9333334,-1.8333334,1.0,0.0,3.0,1.0,0.0,0.0,6,5,2,1,0,1,Toulouse,22,MIDLE_UP,10.782469,3.1578946,-2.0952382,-1.6904764,0.36363602,6.3833337,4.883333,1.5,-5.616667,-2.1166668,-3.5,1.0,0.0,3.0,1.0,0.0,0.0,5,1,0,4,2,3,1.783,3.467,4.967,2.225,1.635,2,0,3,0,NA
