week,headOutcome,scoreOutcome,ht1pOutcome,ht2pOutcome,ggOutcome,totHtScore,totFtScore,t1,t1Points,t1Classification,t1Form,t1Form1Diff,t1Form2Diff,t1Form3Diff,t1Form4Diff,t1Atack,t1AtackIn,t1AtackOut,t1Defense,t1DefenseIn,t1DefenseOut,t1AvgHtScoreIn,t1AvgHtScoreOut,t1AvgFtScoreIn,t1AvgFtScoreOut,t1AvgHtGgResult,t1AvgFtGgResult,t1WinsIn,t1WinsOut,t1DrawsIn,t1DrawsOut,t1LosesIn,t1LosesOut,t2,t2Points,t2Classification,t2Form,t2Form1Diff,t2Form2Diff,t2Form3Diff,t2Form4Diff,t2Atack,t2AtackIn,t2AtackOut,t2Defense,t2DefenseIn,t2DefenseOut,t2AvgHtScoreIn,t2AvgHtScoreOut,t2AvgFtScoreIn,t2AvgFtScoreOut,t2AvgHtGgResult,t2AvgFtGgResult,t2WinsIn,t2WinsOut,t2DrawsIn,t2DrawsOut,t2LosesIn,t2LosesOut,bet_1,bet_X,bet_2,bet_O,bet_U
5,2,O,N,N,Y,0,3,Fredrikstad,1,BOTTOM_TABLE,-3.7,-1.5,-2.0,1.0,-1.2,0.65,0.4,0.25,-2.35,-1.6,-0.75,1.0,2.0,3.0,2.0,0.0,0.0,0,0,0,1,2,1,Sandefjord,7,TOP_TABLE,3.9333334,2.3333335,1.0,-2.0,2.6,1.9666667,1.3,0.6666667,-2.0333333,-0.7,-1.3333334,1.0,1.0,4.0,2.0,0.0,0.0,1,1,1,0,0,1,2.6333334,3.3833332,2.4666665,1.75,2.05
5,1,U,N,N,N,0,2,Hødd,2,BOTTOM_TABLE,-1.3333333,-2.0,1.0,-1.3333333,1.0,1.3333334,1.0,0.33333334,-2.6666667,-1.0,-1.6666667,0.0,0.0,3.0,2.0,0.0,0.0,0,0,2,0,0,2,Sandnes Ulf,8,TOP_TABLE,7.5,2.5,1.0,3.0,1.0,2.75,1.75,1.0,-1.25,-0.25,-1.0,3.0,0.0,4.0,3.0,0.0,0.0,2,0,0,2,0,0,2.8100002,3.3333333,2.3500001,1.8133334,2.02
5,1,O,Y,N,Y,1,3,Raufoss,4,MIDLE_DOWN,1.1333332,-1.3333333,2.6666665,-1.2,1.0,1.5666667,0.8333333,0.73333335,-1.4333334,-0.16666667,-1.2666667,2.0,1.0,3.0,4.0,0.0,0.0,1,0,1,0,0,2,Ullensaker / Kisa,2,BOTTOM_TABLE,-0.83333325,-1.3333333,-1.5,1.0,1.0,1.5833334,1.0833334,0.5,-2.4166667,-1.9166667,-0.5,1.0,2.0,3.0,2.0,0.0,1.0,0,0,1,1,2,0,2.0233333,3.5933332,3.39,1.8016667,2.0816667
5,2,O,N,N,N,0,3,Ranheim,6,MIDLE_UP,2.8,-1.2,2.9999998,2.3333335,-1.3333333,2.4,0.6666667,1.7333333,-1.6,-0.33333334,-1.2666667,1.0,1.0,3.0,3.0,0.0,0.0,1,1,0,0,0,2,Kongsvinger,7,MIDLE_UP,4.2,3.0,1.0,2.1999998,-2.0,2.1,1.6,0.5,-1.9,-0.4,-1.5,2.0,1.0,5.0,3.0,0.0,0.0,2,0,0,1,0,1,2.1350002,3.3375,3.02,1.7850001,2.0774999
5,X,O,Y,N,Y,1,4,Mjøndalen,4,MIDLE_DOWN,-0.5,-2.0,1.0,-2.0,2.5,1.25,1.25,0.0,-2.75,-0.75,-2.0,1.0,2.0,3.0,4.0,0.0,0.0,1,0,1,0,0,2,Levanger,12,TOP_TABLE,10.7,3.0,2.5,3.0,2.1999998,3.35,2.0,1.35,-0.65,0.0,-0.65,0.0,2.0,1.0,4.0,0.0,0.0,2,2,0,0,0,0,1.5125,3.1625,3.5500002,1.3,1.65
5,X,U,N,N,N,0,0,KFUM,5,MIDLE_DOWN,2.1999998,2.1999998,1.0,-2.0,1.0,1.1,0.6,0.5,-1.9,-1.4,-0.5,0.0,1.0,3.0,1.0,0.0,0.0,1,0,0,2,1,0,Kristiansund,9,TOP_TABLE,6.8333335,2.3333335,3.0,3.0,-1.5,2.9166667,1.6666667,1.25,-1.0833334,-0.33333334,-0.75,0.0,0.0,2.0,2.0,0.0,0.0,2,1,0,0,0,1,2.7862499,3.185,2.5349998,2.082,1.7675
5,X,O,Y,Y,Y,3,4,Jerv,4,MIDLE_DOWN,-0.6666665,-2.0,1.0,-2.0,2.3333335,1.1666667,1.1666667,0.0,-2.8333335,-0.8333334,-2.0,1.0,2.0,2.0,3.0,0.0,0.0,1,0,1,0,0,2,Strømmen,3,BOTTOM_TABLE,1.4,1.0,1.0,1.0,-1.6,0.7,0.0,0.7,-1.3,0.0,-1.3,0.0,2.0,0.0,3.0,0.0,0.0,0,0,2,1,0,1,2.03125,3.4075003,3.5425,1.9549999,1.8924999
5,X,O,Y,Y,Y,3,4,Asane,7,MIDLE_UP,5.0,1.0,-2.0,3.0,3.0,2.0,1.0,1.0,-1.0,-1.0,0.0,1.0,0.0,2.0,1.0,0.0,0.0,1,1,0,1,1,0,Bryne,5,MIDLE_UP,3.3333335,3.0,-1.6666666,1.0,1.0,2.1666665,1.5,0.6666667,-1.8333333,-0.5,-1.3333333,1.0,2.0,2.0,4.0,0.0,0.0,1,0,1,1,0,1,2.09125,3.5275002,3.3,1.77,2.08875
6,2,O,Y,N,Y,1,3,Ullensaker / Kisa,2,BOTTOM_TABLE,-2.6666665,-1.8333333,-1.3333333,-1.5,1.0,1.9166667,1.0833334,0.8333334,-3.0833335,-1.9166667,-1.1666667,1.0,1.0,3.0,2.0,0.0,1.0,0,0,1,1,2,1,Fredrikstad,1,BOTTOM_TABLE,-5.890476,-2.1904762,-1.5,-2.0,1.0,0.98333335,0.73333335,0.25,-3.0166667,-2.2666667,-0.75,1.0,2.0,3.0,2.0,0.0,0.0,0,0,0,1,3,1,2.475,3.35,2.5749998,1.87,2.01
6,1,O,Y,Y,Y,2,3,Strømmen,4,BOTTOM_TABLE,2.7333333,1.3333334,1.0,1.0,1.0,1.2,0.0,1.2,-1.8,0.0,-1.8,0.0,2.0,0.0,3.0,0.0,0.0,0,0,2,2,0,1,Hødd,5,MIDLE_DOWN,4.666667,6.0,-2.0,1.0,-1.3333333,2.3333335,2.0,0.33333334,-2.6666667,-1.0,-1.6666667,0.0,0.0,2.0,2.0,0.0,0.0,1,0,2,0,0,2,2.1666667,3.3833332,3.1000001,1.9466667,1.8800001
6,2,U,Y,N,N,1,2,Sandnes Ulf,8,TOP_TABLE,2.5,-5.0,2.5,1.0,3.0,2.75,1.75,1.0,-2.25,-0.25,-2.0,3.0,0.0,4.0,2.0,0.0,0.0,2,0,0,2,0,1,Asane,8,MIDLE_UP,5.6,0.5999999,1.0,-2.0,3.0,2.5,1.5,1.0,-1.5,-1.5,0.0,1.0,0.0,2.0,1.0,0.0,0.0,1,1,1,1,1,0,1.5866667,4.0333333,5.0333333,1.6966667,2.1633334
6,1,O,Y,Y,N,2,3,Levanger,13,TOP_TABLE,9.7,-1.0,3.0,2.5,3.0,3.85,2.0,1.85,-1.15,0.0,-1.15,0.0,2.0,1.0,4.0,0.0,0.0,2,2,0,1,0,0,Raufoss,7,MIDLE_UP,3.9666667,2.8333335,-1.3333333,2.6666665,-1.2,2.2333333,1.5,0.73333335,-1.7666668,-0.5,-1.2666667,1.0,1.0,3.0,4.0,0.0,0.0,2,0,1,0,0,2,1.5533333,4.1666665,5.15,1.55,2.38
6,1,O,Y,Y,Y,3,4,Kristiansund,10,TOP_TABLE,7.0333333,0.19999981,2.3333335,3.0,3.0,2.9166667,1.6666667,1.25,-1.0833334,-0.33333334,-0.75,0.0,0.0,2.0,1.0,0.0,0.0,2,1,0,1,0,1,Ranheim,6,MIDLE_DOWN,0.6571429,-2.142857,-1.2,2.9999998,2.3333335,2.4,0.6666667,1.7333333,-2.6,-1.3333334,-1.2666667,0.0,1.0,3.0,3.0,0.0,0.0,1,1,0,0,1,2,2.1166666,3.3666668,3.2166665,2.0466666,1.79
6,1,U,Y,N,N,1,2,Kongsvinger,10,TOP_TABLE,7.342857,3.142857,3.0,1.0,2.1999998,3.1,1.6,1.5,-1.9,-0.4,-1.5,2.0,0.0,5.0,3.0,0.0,0.0,2,1,0,1,0,1,KFUM,6,MIDLE_DOWN,3.9999998,1.8,2.1999998,1.0,-2.0,1.1,0.6,0.5,-1.9,-1.4,-0.5,0.0,1.0,2.0,1.0,0.0,0.0,1,0,1,2,1,0,1.6033334,3.9333334,5.0499997,1.83,1.98
6,2,U,Y,N,N,1,1,Bryne,6,MIDLE_UP,4.7333336,1.4000001,3.0,-1.6666666,1.0,2.6666665,1.5,1.1666667,-2.3333333,-0.5,-1.8333333,1.0,2.0,2.0,4.0,0.0,0.0,1,0,1,2,0,1,Jerv,5,MIDLE_DOWN,1.1920929E-7,0.6666666,-2.0,1.0,-2.0,1.6666667,1.6666667,0.0,-3.3333335,-1.3333334,-2.0,2.0,2.0,3.0,3.0,0.0,0.0,1,0,2,0,0,2,2.0666666,3.5,3.2,1.73,2.08
6,1,U,N,N,N,0,2,Sandefjord,10,TOP_TABLE,7.12381,3.1904764,2.3333335,1.0,-2.0,2.6333334,1.3,1.3333334,-2.3666666,-0.7,-1.6666667,1.0,0.0,4.0,2.0,0.0,0.0,1,2,1,0,0,1,Mjøndalen,5,BOTTOM_TABLE,2.5,3.0,-2.0,1.0,-2.0,1.75,1.75,0.0,-3.25,-1.25,-2.0,1.0,2.0,3.0,4.0,0.0,0.0,1,0,2,0,0,2,1.9533334,3.6166668,3.4166667,1.65,2.2
7,2,O,Y,N,Y,1,3,Raufoss,7,MIDLE_UP,1.5051284,-2.4615383,2.8333335,-1.3333333,2.6666665,2.2333333,1.5,0.73333335,-2.766667,-0.5,-2.2666667,1.0,1.0,3.0,3.0,0.0,0.0,2,0,1,0,0,3,Sandnes Ulf,8,MIDLE_UP,0.5,-2.0,-5.0,2.5,1.0,2.75,1.75,1.0,-3.25,-1.25,-2.0,2.0,0.0,3.0,2.0,0.0,0.0,2,0,0,2,1,1,3.0666666,3.4333334,2.1666667,1.7,2.0949998
7,1,U,Y,N,N,1,1,Ranheim,6,MIDLE_DOWN,-1.2428571,-1.9,-2.142857,-1.2,2.9999998,2.65,0.6666667,1.9833333,-3.35,-1.3333334,-2.0166667,0.0,1.0,3.0,3.0,0.0,0.0,1,1,0,0,1,3,Bryne,6,MIDLE_DOWN,2.5333335,-2.2,1.4000001,3.0,-1.6666666,2.6666665,1.5,1.1666667,-3.3333333,-1.5,-1.8333333,1.0,2.0,2.0,4.0,0.0,0.0,1,0,1,2,1,1,1.6733333,3.7833335,4.6,1.68,2.15
7,1,O,Y,Y,N,2,4,Mjøndalen,5,BOTTOM_TABLE,0.0,-2.5,3.0,-2.0,1.0,1.75,1.75,0.0,-4.25,-1.25,-3.0,1.0,1.0,3.0,3.0,0.0,0.0,1,0,2,0,0,3,Fredrikstad,4,BOTTOM_TABLE,-2.5571427,3.3333335,-2.1904762,-1.5,-2.0,1.6500001,0.73333335,0.9166667,-3.35,-2.2666667,-1.0833334,1.0,1.0,3.0,2.0,0.0,0.0,0,1,0,1,3,1,1.7633333,3.7166665,4.1266665,1.68,2.15
7,2,O,Y,Y,Y,2,4,Kongsvinger,13,TOP_TABLE,10.742857,3.4,3.142857,3.0,1.0,4.1,2.6,1.5,-1.9,-0.4,-1.5,2.0,0.0,4.0,3.0,0.0,0.0,3,1,0,1,0,1,Kristiansund,13,TOP_TABLE,9.933333,2.9,0.19999981,2.3333335,3.0,3.6666667,2.4166667,1.25,-1.3333334,-0.5833334,-0.75,1.0,0.0,3.0,1.0,0.0,0.0,3,1,0,1,0,1,1.8733333,3.5166667,3.8166666,1.94,1.89
7,2,O,Y,Y,Y,2,4,KFUM,6,MIDLE_DOWN,1.5999997,-2.4,1.8,2.1999998,1.0,1.1,0.6,0.5,-2.9,-1.4,-1.5,0.0,1.0,2.0,1.0,0.0,0.0,1,0,1,2,1,1,Strømmen,7,MIDLE_DOWN,5.3166666,2.5833333,1.3333334,1.0,1.0,1.8666668,0.6666667,1.2,-2.1333332,-0.33333334,-1.8,0.0,2.0,1.0,3.0,0.0,0.0,1,0,2,2,0,1,2.3666668,3.2833335,2.8166666,2.12,1.7233334
7,2,U,Y,N,N,1,1,Jerv,8,MIDLE_UP,3.2000003,3.2000003,0.6666666,-2.0,1.0,2.6666667,1.6666667,1.0,-3.3333335,-1.3333334,-2.0,2.0,1.0,3.0,2.0,0.0,0.0,1,1,2,0,0,2,Levanger,16,TOP_TABLE,13.161538,3.4615383,-1.0,3.0,2.5,4.85,3.0,1.85,-1.15,0.0,-1.15,1.0,2.0,2.0,4.0,0.0,0.0,3,2,0,1,0,0,2.15,3.45,3.05,1.88,1.93
7,2,O,N,N,Y,0,4,Hødd,5,BOTTOM_TABLE,3.0833337,-1.5833333,6.0,-2.0,1.0,2.6666667,2.0,0.6666667,-3.3333335,-1.0,-2.3333335,0.0,1.0,2.0,2.0,0.0,0.0,1,0,2,0,0,3,Sandefjord,13,TOP_TABLE,10.62381,3.5,3.1904764,2.3333335,1.0,3.6333334,2.3,1.3333334,-2.3666666,-0.7,-1.6666667,1.0,0.0,3.0,2.0,0.0,0.0,2,2,1,0,0,1,2.6000001,3.45,2.4666665,1.8066667,2.0233333
7,1,O,Y,Y,Y,4,6,Asane,11,TOP_TABLE,8.6,3.0000005,0.5999999,1.0,-2.0,3.5,1.5,2.0,-1.5,-1.5,0.0,1.0,0.0,2.0,1.0,0.0,0.0,1,2,1,1,1,0,Ullensaker / Kisa,2,BOTTOM_TABLE,-5.0,-2.3333335,-1.8333333,-1.3333333,-1.5,2.25,1.4166667,0.8333334,-3.7500002,-2.5833335,-1.1666667,1.0,1.0,3.0,2.0,0.0,1.0,0,0,1,1,3,1,1.77,3.6,4.1,0.0,0.0
8,2,U,N,N,N,0,1,Sandnes Ulf,11,MIDLE_UP,2.9583335,2.4583335,-2.0,-5.0,2.5,3.4166667,1.75,1.6666667,-3.5833333,-1.25,-2.3333333,2.0,0.0,3.0,2.0,0.0,0.0,2,1,0,2,1,1,Jerv,8,MIDLE_DOWN,0.7000003,-2.5,3.2000003,0.6666666,-2.0,2.6666667,1.6666667,1.0,-4.3333335,-2.3333335,-2.0,1.0,1.0,2.0,2.0,0.0,0.0,1,1,2,0,1,2,1.6733333,3.7333336,4.766667,1.7933334,2.04
8,1,U,Y,N,N,1,2,Sandefjord,16,TOP_TABLE,13.739195,3.115385,3.5,3.1904764,2.3333335,4.383333,2.3,2.0833335,-2.6166666,-0.7,-1.9166667,1.0,0.0,3.0,2.0,0.0,0.0,2,3,1,0,0,1,Asane,14,TOP_TABLE,11.751515,3.151515,3.0000005,0.5999999,1.0,4.1666665,2.1666667,2.0,-1.8333334,-1.8333334,0.0,2.0,0.0,3.0,1.0,0.0,0.0,2,2,1,1,1,0,1.6700001,3.8166666,4.7166667,1.63,2.25
8,2,O,Y,N,Y,1,3,Levanger,19,TOP_TABLE,16.661537,3.499999,3.4615383,-1.0,3.0,5.85,3.0,2.85,-1.15,0.0,-1.15,1.0,1.0,2.0,3.0,0.0,0.0,3,3,0,1,0,0,Ranheim,9,MIDLE_UP,1.7571429,3.0,-1.9,-2.142857,-1.2,3.65,1.6666667,1.9833333,-3.35,-1.3333334,-2.0166667,0.0,1.0,2.0,3.0,0.0,0.0,2,1,0,0,1,3,1.95,3.605,3.58,1.75,2.115
8,2,U,Y,N,N,1,1,Bryne,6,MIDLE_DOWN,0.53333354,-2.0,-2.2,1.4000001,3.0,2.6666665,1.5,1.1666667,-4.333333,-1.5,-2.8333333,1.0,2.0,2.0,3.0,0.0,0.0,1,0,1,2,1,2,KFUM,6,MIDLE_DOWN,-0.042857528,-1.6428572,-2.4,1.8,2.1999998,1.35,0.85,0.5,-3.65,-2.15,-1.5,0.0,1.0,2.0,1.0,0.0,0.0,1,0,1,2,2,1,1.8266667,3.5166667,4.0666666,1.79,2.04
8,1,O,Y,Y,Y,4,6,Ullensaker / Kisa,2,BOTTOM_TABLE,-7.151515,-2.151515,-2.3333335,-1.8333333,-1.3333333,2.5833333,1.4166667,1.1666667,-4.416667,-2.5833335,-1.8333335,1.0,2.0,3.0,3.0,0.0,1.0,0,0,1,1,3,2,Mjøndalen,8,MIDLE_DOWN,3.2,3.2,-2.5,3.0,-2.0,2.75,2.75,0.0,-4.25,-1.25,-3.0,1.0,1.0,3.0,3.0,0.0,0.0,2,0,2,0,0,3,3.55,3.6,1.895,1.6949999,2.1950002
8,1,O,Y,Y,Y,3,3,Strømmen,10,MIDLE_UP,7.9595237,2.642857,2.5833333,1.3333334,1.0,2.6166668,0.6666667,1.95,-2.3833332,-0.33333334,-2.05,0.0,2.0,1.0,3.0,0.0,0.0,1,1,2,2,0,1,Kongsvinger,13,TOP_TABLE,9.242857,-1.5,3.4,3.142857,3.0,4.35,2.85,1.5,-2.65,-1.15,-1.5,2.0,0.0,4.0,3.0,0.0,0.0,3,1,0,1,1,1,2.8475,3.405,2.3455,1.84,2.0266666
8,1,U,N,N,N,0,2,Kristiansund,16,TOP_TABLE,12.433333,2.5,2.9,0.19999981,2.3333335,4.416667,2.4166667,2.0,-1.5833334,-0.5833334,-1.0,1.0,0.0,3.0,2.0,0.0,0.0,3,2,0,1,0,1,Hødd,5,BOTTOM_TABLE,0.96794915,-2.1153846,-1.5833333,6.0,-2.0,2.9166667,2.25,0.6666667,-4.0833335,-1.75,-2.3333335,0.0,1.0,3.0,2.0,0.0,0.0,1,0,2,0,1,3,1.6999999,3.6499999,4.35,1.9033333,1.9266666
8,X,U,N,N,Y,0,2,Fredrikstad,4,BOTTOM_TABLE,-4.757143,-2.2000003,3.3333335,-2.1904762,-1.5,1.6500001,0.73333335,0.9166667,-4.35,-2.2666667,-2.0833335,1.0,1.0,3.0,2.0,0.0,0.0,0,1,0,1,3,2,Raufoss,7,MIDLE_DOWN,0.04679513,-1.4583333,-2.4615383,2.8333335,-1.3333333,2.5666666,1.8333334,0.73333335,-3.4333336,-1.1666667,-2.2666667,1.0,1.0,3.0,3.0,0.0,0.0,2,0,1,0,1,3,1.85,3.6166668,3.8499997,1.675,2.16
9,X,U,Y,N,Y,1,2,Jerv,11,MIDLE_UP,4.0750003,3.375,-2.5,3.2000003,0.6666666,3.6666667,1.6666667,2.0,-4.3333335,-2.3333335,-2.0,1.0,1.0,2.0,2.0,0.0,0.0,1,2,2,0,1,2,Mjøndalen,8,MIDLE_DOWN,-1.4666665,-4.6666665,3.2,-2.5,3.0,2.9166667,2.75,0.16666667,-5.0833335,-1.25,-3.8333333,1.0,2.0,3.0,4.0,0.0,0.0,2,0,2,0,0,4,2.37,3.3200002,2.9275,2.08,1.7724999
9,1,O,Y,N,N,1,3,Asane,14,TOP_TABLE,9.626515,-2.125,3.151515,3.0000005,0.5999999,4.1666665,2.1666667,2.0,-2.8333335,-1.8333334,-1.0,2.0,0.0,3.0,1.0,0.0,0.0,2,2,1,1,1,1,Fredrikstad,5,BOTTOM_TABLE,-3.007143,1.75,-2.2000003,3.3333335,-2.1904762,2.15,1.2333333,0.9166667,-4.85,-2.7666667,-2.0833335,0.0,1.0,2.0,2.0,0.0,0.0,0,1,1,1,3,2,1.9776001,3.6060002,3.6299999,1.4899999,1.7133335
9,2,U,N,N,N,0,2,Raufoss,8,MIDLE_DOWN,0.29679513,0.25,-1.4583333,-2.4615383,2.8333335,3.0666666,1.8333334,1.2333333,-3.9333336,-1.1666667,-2.7666667,1.0,1.0,3.0,3.0,0.0,0.0,2,0,1,1,1,3,Sandefjord,19,TOP_TABLE,16.864195,3.125,3.115385,3.5,3.1904764,5.383333,3.3,2.0833335,-2.6166666,-0.7,-1.9166667,1.0,0.0,3.0,2.0,0.0,0.0,3,3,1,0,0,1,3.968,3.772,1.817,1.6524999,2.2875
9,1,O,Y,Y,Y,3,5,Ranheim,12,MIDLE_UP,5.2015877,3.4444447,3.0,-1.9,-2.142857,4.3166666,1.6666667,2.65,-3.6833332,-1.3333334,-2.35,0.0,1.0,2.0,3.0,0.0,0.0,2,2,0,0,1,3,Strømmen,13,MIDLE_UP,10.592857,2.6333337,2.642857,2.5833333,1.3333334,3.2833335,1.3333334,1.95,-2.7166665,-0.6666667,-2.05,1.0,2.0,1.0,3.0,0.0,0.0,2,1,2,2,0,1,1.73,3.7975001,4.4125,1.75,2.05
9,2,O,Y,N,Y,1,3,Kongsvinger,13,MIDLE_UP,7.609524,-1.6333332,-1.5,3.4,3.142857,4.6833334,2.85,1.8333334,-3.3166668,-1.15,-2.1666667,2.0,1.0,4.0,3.0,0.0,0.0,3,1,0,1,1,2,Sandnes Ulf,11,MIDLE_UP,0.5833335,-2.375,2.4583335,-2.0,-5.0,3.4166667,1.75,1.6666667,-4.583333,-2.25,-2.3333333,2.0,0.0,3.0,2.0,0.0,0.0,2,1,0,2,2,1,2.0175,3.57,3.4524999,1.68,2.15
9,1,O,Y,Y,N,2,5,KFUM,9,MIDLE_DOWN,2.9571424,3.0,-1.6428572,-2.4,1.8,2.35,0.85,1.5,-3.65,-2.15,-1.5,0.0,1.0,2.0,1.0,0.0,0.0,1,1,1,2,2,1,Levanger,19,TOP_TABLE,14.2170925,-2.4444447,3.499999,3.4615383,-1.0,6.1833334,3.3333333,2.85,-1.8166666,-0.6666667,-1.15,1.0,1.0,2.0,3.0,0.0,0.0,3,3,0,1,1,0,2.798,3.4060001,2.4579997,1.8360001,2.0219998
9,1,U,N,N,N,0,1,Hødd,5,BOTTOM_TABLE,-1.7195508,-2.6875,-2.1153846,-1.5833333,6.0,2.9166667,2.25,0.6666667,-5.0833335,-1.75,-3.3333335,0.0,0.0,3.0,2.0,0.0,0.0,1,0,2,0,1,4,Ullensaker / Kisa,5,BOTTOM_TABLE,-1.484848,5.666667,-2.151515,-2.3333335,-1.8333333,3.4166665,2.25,1.1666667,-4.5833335,-2.7500002,-1.8333335,1.0,2.0,3.0,3.0,0.0,1.0,1,0,1,1,3,2,1.8,3.625,3.95,0.0,0.0
9,X,O,Y,Y,Y,2,4,Bryne,6,MIDLE_DOWN,-1.4666665,-2.0,-2.0,-2.2,1.4000001,2.6666665,1.5,1.1666667,-5.333333,-2.5,-2.8333333,1.0,2.0,1.0,3.0,0.0,0.0,1,0,1,2,2,2,Kristiansund,19,TOP_TABLE,16.120834,3.687501,2.5,2.9,0.19999981,5.416667,3.4166667,2.0,-1.5833334,-0.5833334,-1.0,1.0,0.0,2.0,2.0,0.0,0.0,4,2,0,1,0,1,2.967,3.3032002,2.196,1.9650002,2.296
10,1,U,Y,N,N,1,1,Fredrikstad,5,BOTTOM_TABLE,-5.65,-2.642857,1.75,-2.2000003,3.3333335,2.15,1.2333333,0.9166667,-5.85,-2.7666667,-3.0833335,0.0,1.0,2.0,2.0,0.0,0.0,0,1,1,1,3,3,Hødd,8,MIDLE_DOWN,1.2804492,3.0,-2.6875,-2.1153846,-1.5833333,3.9166667,3.25,0.6666667,-5.0833335,-1.75,-3.3333335,0.0,0.0,2.0,2.0,0.0,0.0,2,0,2,0,1,4,2.2,3.4166667,3.0166664,1.77,2.02
10,X,U,Y,N,Y,1,2,Ullensaker / Kisa,5,BOTTOM_TABLE,-3.484848,-2.0,5.666667,-2.151515,-2.3333335,3.4166665,2.25,1.1666667,-5.5833335,-2.7500002,-2.8333335,1.0,1.0,3.0,3.0,0.0,0.0,1,0,1,1,3,3,Jerv,12,MIDLE_DOWN,4.7000003,0.625,3.375,-2.5,3.2000003,4.166667,2.1666667,2.0,-4.8333335,-2.8333335,-2.0,1.0,1.0,2.0,2.0,0.0,0.0,1,2,3,0,1,2,2.5066664,3.4466667,2.636,1.9,2.0
10,X,O,Y,N,Y,1,4,Strømmen,13,MIDLE_UP,8.909524,-1.6833334,2.6333337,2.642857,2.5833333,3.4833336,1.3333334,2.15,-3.5166664,-0.6666667,-2.85,1.0,2.0,1.0,4.0,0.0,0.0,2,1,2,2,0,2,Bryne,7,BOTTOM_TABLE,1.7000003,3.1666667,-2.0,-2.0,-2.2,3.1666665,2.0,1.1666667,-5.833333,-3.0,-2.8333333,1.0,2.0,2.0,3.0,0.0,0.0,1,0,2,2,2,2,2.1299999,3.546,3.2380002,1.6675,2.2625
10,1,O,Y,Y,Y,3,8,Sandnes Ulf,14,MIDLE_UP,3.0984852,2.5151517,-2.375,2.4583335,-2.0,4.0833335,1.75,2.3333335,-4.9166665,-2.25,-2.6666665,2.0,0.0,3.0,2.0,0.0,0.0,2,2,0,2,2,1,KFUM,12,MIDLE_UP,7.0682535,4.111111,3.0,-1.6428572,-2.4,3.35,1.85,1.5,-3.65,-2.15,-1.5,1.0,1.0,3.0,1.0,0.0,0.0,2,1,1,2,2,1,1.3675001,3.3375,4.875,1.53,1.875
10,1,O,Y,Y,Y,2,4,Sandefjord,22,TOP_TABLE,20.443142,3.578947,3.125,3.115385,3.5,6.383333,3.3,3.0833335,-2.6166666,-0.7,-1.9166667,1.0,0.0,3.0,2.0,0.0,0.0,3,4,1,0,0,1,Ranheim,15,MIDLE_UP,7.884921,2.6833334,3.4444447,3.0,-1.9,5.116667,2.4666667,2.65,-3.8833332,-1.5333334,-2.35,1.0,1.0,3.0,3.0,0.0,0.0,3,2,0,0,1,3,1.7440001,3.698,4.522,1.7266668,2.1833334
10,X,O,Y,Y,Y,2,4,Levanger,19,TOP_TABLE,11.105982,-3.1111107,-2.4444447,3.499999,3.4615383,6.1833334,3.3333333,2.85,-2.8166666,-0.6666667,-2.15,1.0,1.0,2.0,3.0,0.0,0.0,3,3,0,1,1,1,Kongsvinger,13,MIDLE_UP,6.0943723,-1.5151515,-1.6333332,-1.5,3.4,5.016667,3.1833332,1.8333334,-3.9833336,-1.8166666,-2.1666667,1.0,1.0,3.0,3.0,0.0,0.0,3,1,0,1,2,2,2.0312,3.616,3.466,1.69,2.23
10,1,O,Y,N,Y,1,3,Kristiansund,20,TOP_TABLE,14.954167,-1.166667,3.687501,2.5,2.9,5.916667,3.4166667,2.5,-2.0833335,-0.5833334,-1.5,1.0,0.0,2.0,2.0,0.0,0.0,4,2,0,2,0,1,Asane,17,TOP_TABLE,13.269373,3.6428576,-2.125,3.151515,3.0000005,5.1666665,3.1666667,2.0,-2.8333335,-1.8333334,-1.0,2.0,0.0,3.0,1.0,0.0,0.0,3,2,1,1,1,1,1.9139999,3.5419998,4.002,1.86,2.0
10,X,U,N,N,Y,0,2,Mjøndalen,9,MIDLE_DOWN,-0.09166646,1.375,-4.6666665,3.2,-2.5,3.4166667,2.75,0.6666667,-5.5833335,-1.25,-4.333333,1.0,1.0,3.0,3.0,0.0,0.0,2,0,2,1,0,4,Raufoss,8,MIDLE_DOWN,-2.2821522,-2.5789473,0.25,-1.4583333,-2.4615383,3.0666666,1.8333334,1.2333333,-4.9333334,-2.1666667,-2.7666667,1.0,1.0,2.0,3.0,0.0,0.0,2,0,1,1,2,3,1.4475,4.56,6.3,1.45,2.67
11,2,O,Y,Y,Y,2,4,Strømmen,14,MIDLE_UP,9.0523815,0.14285755,-1.6833334,2.6333337,2.642857,3.9833336,1.8333334,2.15,-4.0166664,-1.1666667,-2.85,1.0,2.0,2.0,4.0,0.0,0.0,2,1,3,2,0,2,Kristiansund,23,TOP_TABLE,17.4375,2.4833326,-1.166667,3.687501,2.5,6.5833335,4.0833335,2.5,-2.4166667,-0.91666675,-1.5,1.0,0.0,2.0,2.0,0.0,0.0,5,2,0,2,0,1,2.6275,3.3899999,2.555,1.9466667,1.8833333
11,X,O,Y,Y,Y,2,4,Ranheim,15,MIDLE_UP,6.066739,-1.818182,2.6833334,3.4444447,3.0,5.366667,2.4666667,2.9,-4.633333,-1.5333334,-3.1,1.0,1.0,3.0,3.0,0.0,0.0,3,2,0,0,1,4,Mjøndalen,10,MIDLE_DOWN,0.78333354,0.875,1.375,-4.6666665,3.2,3.9166667,3.25,0.6666667,-6.0833335,-1.75,-4.333333,1.0,1.0,3.0,3.0,0.0,0.0,2,0,3,1,0,4,2.2675,3.475,2.93,1.73,2.08
11,1,U,Y,N,N,1,1,Kongsvinger,14,MIDLE_UP,7.5559106,1.4615383,-1.5151515,-1.6333332,-1.5,5.516667,3.1833332,2.3333335,-4.4833336,-1.8166666,-2.6666667,1.0,1.0,3.0,3.0,0.0,0.0,3,1,0,2,2,2,Sandefjord,25,TOP_TABLE,23.261324,2.818182,3.578947,3.125,3.115385,7.133333,4.05,3.0833335,-2.8666666,-0.95,-1.9166667,1.0,0.0,3.0,2.0,0.0,0.0,4,4,1,0,0,1,2.6774998,3.5200002,2.44,1.68,2.15
11,X,U,N,N,N,0,0,KFUM,12,MIDLE_DOWN,5.4253964,-1.6428571,4.111111,3.0,-1.6428572,3.6,1.85,1.75,-4.4,-2.15,-2.25,1.0,1.0,3.0,2.0,0.0,0.0,2,1,1,2,2,2,Ullensaker / Kisa,6,BOTTOM_TABLE,-1.0848479,2.4,-2.0,5.666667,-2.151515,3.9166665,2.75,1.1666667,-6.0833335,-3.2500002,-2.8333335,1.0,1.0,3.0,3.0,0.0,0.0,1,0,2,1,3,3,2.095,3.5,3.05,1.7,2.09
11,1,U,N,N,N,0,1,Hødd,8,BOTTOM_TABLE,-1.3195508,-2.6,3.0,-2.6875,-2.1153846,3.9166667,3.25,0.6666667,-6.0833335,-1.75,-4.3333335,0.0,0.0,2.0,2.0,0.0,0.0,2,0,2,0,1,5,Raufoss,9,MIDLE_DOWN,-1.1571522,1.125,-2.5789473,0.25,-1.4583333,3.5666666,1.8333334,1.7333333,-5.4333334,-2.1666667,-3.2666667,1.0,0.0,2.0,3.0,0.0,0.0,2,0,1,2,2,3,1.7666668,3.6999998,4.1666665,1.31,1.625
11,1,U,N,N,N,0,1,Bryne,8,MIDLE_DOWN,3.5571432,1.8571429,3.1666667,-2.0,-2.0,3.6666665,2.0,1.6666667,-6.333333,-3.0,-3.3333333,1.0,1.0,2.0,3.0,0.0,0.0,1,0,2,3,2,2,Sandnes Ulf,17,TOP_TABLE,5.7413425,2.6428573,2.5151517,-2.375,2.4583335,4.8333335,2.5,2.3333335,-5.1666665,-2.5,-2.6666665,2.0,0.0,4.0,2.0,0.0,0.0,3,2,0,2,2,1,3.12,3.4875,2.175,1.57,2.35
11,X,U,N,N,Y,0,2,Asane,17,TOP_TABLE,11.786039,-1.4833336,3.6428576,-2.125,3.151515,5.5,3.1666667,2.3333333,-3.5000002,-1.8333334,-1.6666667,2.0,0.0,3.0,1.0,0.0,0.0,3,2,1,1,1,2,Levanger,20,TOP_TABLE,11.6444435,0.5384617,-3.1111107,-2.4444447,3.499999,6.6833334,3.8333333,2.85,-3.3166666,-1.1666667,-2.15,1.0,1.0,2.0,3.0,0.0,0.0,3,3,1,1,1,1,1.9975,3.57,3.485,1.75,2.05
11,1,U,Y,N,N,1,1,Jerv,13,MIDLE_DOWN,4.3,-0.4000001,0.625,3.375,-2.5,4.666667,2.1666667,2.5,-5.3333335,-2.8333335,-2.5,1.0,1.0,2.0,2.0,0.0,0.0,1,2,3,1,1,2,Fredrikstad,8,BOTTOM_TABLE,-2.0500002,3.6,-2.642857,1.75,-2.2000003,3.15,2.2333333,0.9166667,-5.85,-2.7666667,-3.0833335,0.0,1.0,2.0,2.0,0.0,0.0,1,1,1,1,3,3,1.7475,3.6525002,4.5150003,1.7475,2.105
12,1,U,Y,N,N,1,2,Mjøndalen,11,MIDLE_DOWN,2.2833335,1.5,0.875,1.375,-4.6666665,4.416667,3.25,1.1666667,-6.5833335,-1.75,-4.833333,1.0,1.0,3.0,3.0,0.0,0.0,2,0,3,2,0,4,Asane,18,TOP_TABLE,12.96251,1.1764708,-1.4833336,3.6428576,-2.125,6.0,3.6666667,2.3333333,-4.0,-2.3333335,-1.6666667,1.0,0.0,3.0,1.0,0.0,0.0,3,2,2,1,1,2,1.72,3.77,4.545,1.3399999,1.575
12,X,U,N,N,N,0,0,Sandefjord,25,TOP_TABLE,20.475609,-2.785715,2.818182,3.578947,3.125,7.133333,4.05,3.0833335,-3.8666666,-0.95,-2.9166667,1.0,0.0,3.0,2.0,0.0,0.0,4,4,1,0,0,2,Kristiansund,26,TOP_TABLE,20.328804,2.891304,2.4833326,-1.166667,3.687501,7.3333335,4.0833335,3.25,-2.6666667,-0.91666675,-1.75,1.0,1.0,2.0,2.0,0.0,0.0,5,3,0,2,0,1,1.7675,3.6499999,4.3975,1.8325001,2.01
12,X,O,Y,N,Y,1,4,Ullensaker / Kisa,7,BOTTOM_TABLE,0.9151521,2.0,2.4,-2.0,5.666667,3.9166665,2.75,1.1666667,-6.0833335,-3.2500002,-2.8333335,1.0,1.0,3.0,2.0,0.0,0.0,1,0,2,2,3,3,Kongsvinger,17,MIDLE_UP,11.341625,3.7857146,1.4615383,-1.5151515,-1.6333332,6.516667,4.1833334,2.3333335,-4.4833336,-1.8166666,-2.6666667,1.0,1.0,3.0,3.0,0.0,0.0,4,1,0,2,2,2,2.725,3.425,2.325,1.72,2.08
12,1,U,Y,N,N,1,2,Sandnes Ulf,17,TOP_TABLE,2.6163425,-3.125,2.6428573,2.5151517,-2.375,4.8333335,2.5,2.3333335,-6.1666665,-2.5,-3.6666665,2.0,0.0,4.0,2.0,0.0,0.0,3,2,0,2,2,2,Ranheim,16,MIDLE_UP,6.566739,0.5,-1.818182,2.6833334,3.4444447,5.866667,2.9666667,2.9,-5.133333,-2.0333333,-3.1,1.0,1.0,3.0,3.0,0.0,0.0,3,2,1,0,1,4,1.7175,3.87,4.4575,1.65,2.255
12,2,U,Y,N,N,1,1,Raufoss,9,BOTTOM_TABLE,-3.2821522,-2.125,1.125,-2.5789473,0.25,3.5666666,1.8333334,1.7333333,-6.4333334,-2.1666667,-4.2666664,1.0,0.0,2.0,2.0,0.0,0.0,2,0,1,2,2,4,Jerv,16,MIDLE_UP,7.6846156,3.3846154,-0.4000001,0.625,3.375,5.666667,3.1666667,2.5,-5.3333335,-2.8333335,-2.5,1.0,1.0,2.0,2.0,0.0,0.0,2,2,3,1,1,2,2.3925002,3.4099998,2.81,1.5674999,1.825
12,X,O,Y,Y,Y,2,4,Levanger,21,TOP_TABLE,12.467973,0.82352924,0.5384617,-3.1111107,-2.4444447,7.1833334,3.8333333,3.35,-3.8166666,-1.1666667,-2.65,1.0,1.0,2.0,3.0,0.0,0.0,3,3,1,2,1,1,Strømmen,14,MIDLE_UP,7.161077,-1.8913045,0.14285755,-1.6833334,2.6333337,4.2333336,2.0833335,2.15,-4.7666664,-1.9166667,-2.85,1.0,2.0,2.0,4.0,0.0,0.0,2,1,3,2,1,2,1.7875,3.685,4.2625,1.7,2.1
12,2,O,Y,N,Y,1,3,Hødd,11,MIDLE_DOWN,1.8054492,3.125,-2.6,3.0,-2.6875,4.916667,4.25,0.6666667,-6.0833335,-1.75,-4.3333335,0.0,0.0,2.0,2.0,0.0,0.0,3,0,2,0,1,5,KFUM,13,MIDLE_DOWN,5.4253964,0.0,-1.6428571,4.111111,3.0,3.6,1.85,1.75,-4.4,-2.15,-2.25,0.0,1.0,2.0,2.0,0.0,0.0,2,1,2,2,2,2,1.82,3.5166667,4.0666666,1.5300001,1.6966667
12,1,O,Y,N,Y,1,3,Fredrikstad,8,BOTTOM_TABLE,-4.4346156,-2.3846154,3.6,-2.642857,1.75,3.15,2.2333333,0.9166667,-6.85,-2.7666667,-4.0833335,0.0,1.0,2.0,2.0,0.0,0.0,1,1,1,1,3,4,Bryne,11,MIDLE_DOWN,7.682143,4.125,1.8571429,3.1666667,-2.0,4.6666665,3.0,1.6666667,-6.333333,-3.0,-3.3333333,1.0,1.0,2.0,3.0,0.0,0.0,2,0,2,3,2,2,2.0124998,3.5425,3.51,1.54,1.8474998
13,2,U,Y,Y,N,2,2,Bryne,11,MIDLE_DOWN,5.97381,-1.708333,4.125,1.8571429,3.1666667,5.0,3.0,2.0,-6.9999995,-3.0,-4.0,1.0,1.0,2.0,3.0,0.0,0.0,2,0,2,3,2,3,Sandefjord,26,TOP_TABLE,21.51561,1.0400009,-2.785715,2.818182,3.578947,7.133333,4.05,3.0833335,-3.8666666,-0.95,-2.9166667,1.0,0.0,2.0,2.0,0.0,0.0,4,4,2,0,0,2,2.9375,3.5275,2.27,1.5525,1.8225
13,1,O,Y,Y,Y,2,4,Strømmen,15,MIDLE_DOWN,8.6610775,1.5000005,-1.8913045,0.14285755,-1.6833334,4.7333336,2.0833335,2.65,-5.2666664,-1.9166667,-3.35,1.0,2.0,2.0,4.0,0.0,0.0,2,1,3,3,1,2,Sandnes Ulf,20,TOP_TABLE,5.675166,3.0588236,-3.125,2.6428573,2.5151517,5.8333335,3.5,2.3333335,-6.1666665,-2.5,-3.6666665,2.0,0.0,3.0,2.0,0.0,0.0,4,2,0,2,2,2,2.8525,3.5325,2.315,1.63,2.25
13,X,O,Y,Y,Y,3,4,Ranheim,16,MIDLE_UP,4.5079155,-2.0588236,0.5,-1.818182,2.6833334,5.866667,2.9666667,2.9,-6.133333,-2.0333333,-4.1,1.0,1.0,3.0,3.0,0.0,0.0,3,2,1,0,1,5,Ullensaker / Kisa,8,BOTTOM_TABLE,3.3437235,2.4285715,2.0,2.4,-2.0,4.4166665,3.25,1.1666667,-6.5833335,-3.7500002,-2.8333335,1.0,1.0,3.0,2.0,0.0,0.0,1,0,3,2,3,3,1.6949999,3.875,4.225,0.0,0.0
13,1,U,N,N,N,0,1,Kristiansund,27,TOP_TABLE,21.288803,0.9599991,2.891304,2.4833326,-1.166667,7.3333335,4.0833335,3.25,-2.6666667,-0.91666675,-1.75,1.0,0.0,2.0,2.0,0.0,0.0,5,3,0,3,0,1,Levanger,22,TOP_TABLE,12.967973,0.5,0.82352924,0.5384617,-3.1111107,7.6833334,4.333333,3.35,-4.3166666,-1.6666667,-2.65,1.0,1.0,2.0,3.0,0.0,0.0,3,3,2,2,1,1,1.8480002,3.852,4.17,1.6324999,2.5599997
13,2,O,Y,N,Y,1,3,Kongsvinger,18,MIDLE_UP,10.9130535,-0.4285717,3.7857146,1.4615383,-1.5151515,7.016667,4.1833334,2.8333335,-4.9833336,-1.8166666,-3.1666667,1.0,1.0,3.0,3.0,0.0,0.0,4,1,0,3,2,2,Fredrikstad,11,BOTTOM_TABLE,-1.7262821,2.7083335,-2.3846154,3.6,-2.642857,3.8166668,2.9,0.9166667,-7.1833334,-3.1,-4.0833335,0.0,1.0,2.0,2.0,0.0,0.0,2,1,1,1,3,4,1.7125001,3.8125,4.5825,1.68,2.15
13,2,U,N,N,N,0,1,KFUM,16,MIDLE_DOWN,7.912576,2.4871798,0.0,-1.6428571,4.111111,4.2666664,1.85,2.4166667,-4.7333336,-2.15,-2.5833333,0.0,1.0,2.0,2.0,0.0,0.0,2,2,2,2,2,2,Mjøndalen,14,MIDLE_DOWN,5.919697,3.6363633,1.5,0.875,1.375,5.416667,4.25,1.1666667,-6.5833335,-1.75,-4.833333,1.0,1.0,3.0,3.0,0.0,0.0,3,0,3,2,0,4,3.4275,3.5049999,2.0575,1.7525,2.095
13,1,O,Y,Y,Y,5,6,Jerv,19,TOP_TABLE,11.122116,3.4375005,3.3846154,-0.4000001,0.625,6.666667,3.1666667,3.5,-5.3333335,-2.8333335,-2.5,1.0,1.0,2.0,2.0,0.0,0.0,2,3,3,1,1,2,Hødd,11,MIDLE_DOWN,0.31826973,-1.4871795,3.125,-2.6,3.0,5.2500005,4.5833335,0.6666667,-6.75,-2.4166667,-4.3333335,0.0,0.0,2.0,2.0,0.0,0.0,3,0,2,0,2,5,1.7766666,3.5166667,4.3333335,1.9433333,1.8866667
13,1,O,Y,Y,Y,2,4,Asane,18,MIDLE_UP,10.326147,-2.636363,1.1764708,-1.4833336,3.6428576,6.0,3.6666667,2.3333333,-5.0,-2.3333335,-2.6666667,1.0,0.0,3.0,1.0,0.0,0.0,3,2,2,1,1,3,Raufoss,9,BOTTOM_TABLE,-5.719652,-2.4375,-2.125,1.125,-2.5789473,3.5666666,1.8333334,1.7333333,-7.4333334,-3.1666667,-4.2666664,1.0,0.0,2.0,2.0,0.0,0.0,2,0,1,2,3,4,1.6325,3.94,5.045,1.21,1.4166666
14,2,U,Y,N,N,1,1,Sandnes Ulf,20,MIDLE_UP,3.8418326,-1.8333335,3.0588236,-3.125,2.6428573,6.0833335,3.5,2.5833335,-6.9166665,-2.5,-4.4166665,2.0,0.0,3.0,2.0,0.0,0.0,4,2,0,2,2,3,Kristiansund,30,TOP_TABLE,24.473988,3.1851845,0.9599991,2.891304,2.4833326,8.333334,5.0833335,3.25,-2.6666667,-0.91666675,-1.75,0.0,0.0,2.0,2.0,0.0,0.0,6,3,0,3,0,1,1.8675,3.59,3.9875,1.8000001,2.0166667
