week,headOutcome,scoreOutcome,ht1pOutcome,ht2pOutcome,ggOutcome,totHtScore,totFtScore,t1,t1Points,t1Classification,t1Form,t1Form1Diff,t1Form2Diff,t1Form3Diff,t1Form4Diff,t1Atack,t1AtackIn,t1AtackOut,t1Defense,t1DefenseIn,t1DefenseOut,t1AvgHtScoreIn,t1AvgHtScoreOut,t1AvgFtScoreIn,t1AvgFtScoreOut,t1AvgHtGgResult,t1AvgFtGgResult,t1WinsIn,t1WinsOut,t1DrawsIn,t1DrawsOut,t1LosesIn,t1LosesOut,t2,t2Points,t2Classification,t2Form,t2Form1Diff,t2Form2Diff,t2Form3Diff,t2Form4Diff,t2Atack,t2AtackIn,t2AtackOut,t2Defense,t2DefenseIn,t2DefenseOut,t2AvgHtScoreIn,t2AvgHtScoreOut,t2AvgFtScoreIn,t2AvgFtScoreOut,t2AvgHtGgResult,t2AvgFtGgResult,t2WinsIn,t2WinsOut,t2DrawsIn,t2DrawsOut,t2LosesIn,t2LosesOut,bet_1,bet_X,bet_2,bet_O,bet_U,t1Ht,t2Ht,t1Ft,t2Ft,matchTime
5,X,O,Y,Y,Y,2,4,Haugesund,6,MIDLE_UP,2.0,-2.0,-2.0,3.0,3.0,2.0,1.0,1.0,-2.0,0.0,-2.0,2.0,0.0,3.0,1.0,0.0,0.0,1,1,0,0,0,2,Lillestrøm,5,MIDLE_DOWN,3.6666667,3.0,-1.3333333,1.0,1.0,2.3333335,1.5,0.8333334,-1.6666667,-0.5,-1.1666667,2.0,3.0,3.0,4.0,0.0,0.0,1,0,1,1,0,1,2.6,3.25,2.75,2.0433333,1.7933334,1,1,2,2,NA
5,1,O,N,N,Y,0,3,Strømsgodset,4,MIDLE_DOWN,0.0,-2.0,3.0,-2.0,1.0,1.5,1.5,0.0,-2.5,-0.5,-2.0,2.0,1.0,3.0,1.0,0.0,0.0,1,0,1,0,0,2,Sogndal,7,MIDLE_UP,5.0,3.0,1.0,3.0,-2.0,2.0,2.0,0.0,-1.0,0.0,-1.0,1.0,0.0,1.0,1.0,0.0,0.0,2,0,0,1,0,1,1.5166668,4.226667,6.133333,1.7533334,2.0833333,0,0,2,1,NA
5,1,O,Y,N,N,1,3,Rosenborg,9,TOP_TABLE,7.0,3.0,3.0,3.0,-2.0,3.0,2.0,1.0,-1.0,0.0,-1.0,0.0,0.0,1.0,1.0,0.0,0.0,2,1,0,0,0,1,Brann,8,TOP_TABLE,7.3333335,3.0,2.3333335,1.0,1.0,2.1666667,1.0,1.1666667,-0.8333334,0.0,-0.8333334,0.0,2.0,0.0,3.0,0.0,0.0,1,1,1,1,0,0,1.3166666,5.3333335,8.849999,1.57,2.35,1,0,3,0,NA
5,2,O,Y,N,Y,1,3,Bodø / Glimt,7,TOP_TABLE,4.5,-2.0,2.5,1.0,3.0,2.25,1.75,0.5,-1.75,-0.25,-1.5,1.0,1.0,3.0,1.0,0.0,0.0,2,0,0,1,0,1,Molde,8,TOP_TABLE,6.666667,1.0,2.3333335,2.3333335,1.0,2.3333335,1.1666667,1.1666667,-1.6666667,-0.8333334,-0.8333334,2.0,0.0,4.0,2.0,0.0,1.0,1,1,1,1,0,0,4.1166663,3.6166666,1.85,1.2333333,1.3666667,1,0,1,2,NA
5,1,O,Y,N,N,1,4,Valerenga,0,BOTTOM_TABLE,-7.333333,-1.333333,-2.0,-2.0,-2.0,0.33333334,0.0,0.33333334,-3.6666667,-2.0,-1.6666667,0.0,1.0,2.0,2.0,0.0,0.0,0,0,0,0,2,2,Tromsø,6,MIDLE_DOWN,6.0,3.0,1.0,1.0,1.0,1.5,1.0,0.5,-0.5,0.0,-0.5,0.0,0.0,1.0,1.0,0.0,0.0,1,0,1,2,0,0,1.8633333,3.4833333,4.2766666,2.03,1.8066667,1,0,4,0,NA
5,X,U,Y,N,Y,1,2,Sarpsborg 08,2,BOTTOM_TABLE,-2.0,-2.0,1.0,1.0,-2.0,0.0,0.0,0.0,-2.0,-1.0,-1.0,0.0,1.0,0.0,2.0,0.0,0.0,0,0,1,1,1,1,Stabæk,3,MIDLE_DOWN,-2.4999995,2.3333335,-1.4999998,-1.3333333,-2.0,1.25,1.0,0.25,-2.75,-1.0,-1.75,1.0,0.0,3.0,2.0,0.0,0.0,1,0,0,0,1,2,2.4666667,3.2833335,2.8433335,1.9233333,1.91,1,0,1,1,NA
5,2,O,Y,Y,Y,2,3,Aalesund,3,BOTTOM_TABLE,-2.3333333,-2.0,-1.3333333,-2.0,3.0,1.3333334,1.3333334,0.0,-2.6666667,-0.6666667,-2.0,0.0,1.0,2.0,2.0,0.0,0.0,1,0,0,0,1,2,Viking,7,MIDLE_UP,5.0,-2.0,3.0,1.0,3.0,2.0,0.0,2.0,-1.0,-1.0,0.0,1.0,1.0,1.0,1.0,0.0,0.0,0,2,1,0,1,0,3.3500001,3.4333334,2.1166666,1.8133334,2.0266666,1,1,1,2,NA
5,1,O,Y,Y,N,2,3,Odd,8,TOP_TABLE,8.0,3.0,1.0,1.0,3.0,2.0,1.0,1.0,0.0,0.0,0.0,0.0,1.0,0.0,1.0,0.0,0.0,1,1,1,1,0,0,Start,3,MIDLE_DOWN,1.0,1.0,-2.0,1.0,1.0,1.0,1.0,0.0,-2.0,-2.0,0.0,1.0,0.0,1.0,0.0,0.0,0.0,0,0,2,1,1,0,1.2733333,5.566667,10.333333,1.52,2.42,2,0,3,0,NA
6,2,U,N,N,N,0,1,Viking,10,TOP_TABLE,7.9047623,2.9047623,-2.0,3.0,1.0,2.6666667,0.0,2.6666667,-1.3333334,-1.0,-0.33333334,1.0,1.0,1.0,2.0,0.0,0.0,0,3,1,0,1,0,Brann,8,TOP_TABLE,5.2222223,-2.1111112,3.0,2.3333335,1.0,2.1666667,1.0,1.1666667,-1.8333334,0.0,-1.8333334,0.0,1.0,0.0,3.0,0.0,0.0,1,1,1,1,0,1,1.69,3.7,5.0166664,1.9,1.9366666,0,0,0,1,NA
6,2,U,Y,N,N,1,1,Stabæk,4,MIDLE_DOWN,-1.9999995,0.5,2.3333335,-1.4999998,-1.3333333,1.75,1.0,0.75,-3.25,-1.0,-2.25,1.0,0.0,3.0,2.0,0.0,0.0,1,0,0,1,1,2,Strømsgodset,7,MIDLE_UP,3.0833335,3.0833335,-2.0,3.0,-2.0,2.1666667,2.1666667,0.0,-2.8333333,-0.8333334,-2.0,1.0,1.0,3.0,1.0,0.0,0.0,2,0,1,0,0,2,2.7166665,3.4333334,2.5,1.7166667,2.1233332,0,1,0,1,NA
6,2,U,N,N,N,0,1,Sogndal,7,MIDLE_UP,2.9166667,-2.0833333,3.0,1.0,3.0,2.3333333,2.0,0.33333334,-1.6666667,0.0,-1.6666667,1.0,0.0,1.0,1.0,0.0,0.0,2,0,0,1,0,2,Odd,11,TOP_TABLE,11.625,3.625,3.0,1.0,1.0,3.0,2.0,1.0,0.0,0.0,0.0,1.0,1.0,1.0,1.0,0.0,0.0,2,1,1,1,0,0,4.1833334,3.5333335,1.8533334,2.0333333,1.8066667,0,0,0,1,NA
6,2,O,Y,Y,Y,4,7,Bodø / Glimt,7,MIDLE_UP,3.0416667,-1.4583333,-2.0,2.5,1.0,2.5833333,2.0833333,0.5,-2.4166667,-0.9166667,-1.5,1.0,1.0,3.0,1.0,0.0,0.0,2,0,0,1,1,1,Haugesund,7,MIDLE_UP,2.8,0.79999995,-2.0,-2.0,3.0,2.5,1.5,1.0,-2.5,-0.5,-2.0,2.0,0.0,3.0,1.0,0.0,0.0,1,1,1,0,0,2,2.0866663,3.45,3.4666665,1.8633333,1.9733334,2,2,3,4,NA
6,2,O,Y,Y,Y,2,3,Tromsø,6,MIDLE_DOWN,3.5,-2.5,3.0,1.0,1.0,1.5,1.0,0.5,-1.5,0.0,-1.5,0.0,0.0,1.0,2.0,0.0,0.0,1,0,1,2,0,1,Rosenborg,12,TOP_TABLE,10.111111,3.1111107,3.0,3.0,3.0,4.0,3.0,1.0,-1.0,0.0,-1.0,0.0,0.0,1.0,1.0,0.0,0.0,3,1,0,0,0,1,5.85,3.8666668,1.59,1.9466667,1.8866667,1,1,1,2,NA
6,2,O,Y,Y,Y,4,5,Start,3,BOTTOM_TABLE,-1.625,-2.625,1.0,-2.0,1.0,1.0,1.0,0.0,-3.0,-2.0,-1.0,1.0,1.0,1.0,1.0,0.0,0.0,0,0,2,1,1,1,Sarpsborg 08,3,BOTTOM_TABLE,-0.5,1.5,-2.0,1.0,1.0,0.5,0.5,0.0,-2.5,-1.5,-1.0,0.0,1.0,1.0,2.0,0.0,0.0,0,0,2,1,1,1,2.9266665,3.2333333,2.4233334,2.1433332,1.7000002,1,3,1,4,NA
6,1,O,Y,Y,N,2,4,Molde,11,TOP_TABLE,9.125,2.458333,1.0,2.3333335,2.3333335,3.0000002,1.1666667,1.8333335,-2.0,-0.8333334,-1.1666667,2.0,0.0,4.0,2.0,0.0,1.0,1,2,1,1,0,0,Valerenga,3,MIDLE_DOWN,-3.833333,3.5,-1.333333,-2.0,-2.0,1.3333334,1.0,0.33333334,-3.6666667,-2.0,-1.6666667,0.0,1.0,2.0,2.0,0.0,0.0,1,0,0,0,2,2,1.58,4.2000003,5.3166666,1.2850001,1.675,2,0,4,0,NA
6,X,U,Y,Y,Y,2,2,Lillestrøm,6,MIDLE_DOWN,4.866667,1.2,3.0,-1.3333333,1.0,2.8333335,1.5,1.3333334,-2.1666667,-0.5,-1.6666667,2.0,2.0,3.0,4.0,0.0,0.0,1,0,1,2,0,1,Aalesund,3,BOTTOM_TABLE,-4.2380953,-1.904762,-2.0,-1.3333333,-2.0,1.6666667,1.6666667,0.0,-3.3333335,-1.3333334,-2.0,1.0,1.0,2.0,2.0,0.0,0.0,1,0,0,0,2,2,1.61,3.9333334,5.4166665,1.6833334,2.1833334,1,1,1,1,NA
7,1,U,Y,N,N,1,2,Strømsgodset,10,MIDLE_UP,6.5119047,3.4285712,3.0833335,-2.0,3.0,3.1666667,2.1666667,1.0,-2.8333333,-0.8333334,-2.0,1.0,1.0,3.0,1.0,0.0,0.0,2,1,1,0,0,2,Bodø / Glimt,7,MIDLE_UP,1.8988097,-1.1428571,-1.4583333,-2.0,2.5,3.0119047,2.5119047,0.5,-2.9880953,-1.4880953,-1.5,1.0,1.0,4.0,1.0,0.0,0.0,2,0,0,1,2,1,1.4466667,4.61,6.616667,1.52,2.42,1,0,2,0,NA
7,1,U,Y,N,N,1,2,Brann,11,TOP_TABLE,8.472222,3.25,-2.1111112,3.0,2.3333335,3.1666667,1.0,2.1666667,-1.8333334,0.0,-1.8333334,0.0,1.0,0.0,2.0,0.0,0.0,1,2,1,1,0,1,Sogndal,7,MIDLE_DOWN,0.55303025,-2.3636365,-2.0833333,3.0,1.0,2.3333333,2.0,0.33333334,-2.6666667,-1.0,-1.6666667,0.0,0.0,1.0,1.0,0.0,0.0,2,0,0,1,1,2,1.9466667,3.4166667,3.9833333,2.1266665,1.7133335,1,0,2,0,NA
7,1,O,Y,Y,N,2,4,Sarpsborg 08,6,MIDLE_DOWN,2.1,2.6,1.5,-2.0,1.0,1.3,0.5,0.8,-2.7,-1.5,-1.2,0.0,2.0,1.0,3.0,0.0,0.0,0,1,2,1,1,1,Molde,14,TOP_TABLE,12.852273,3.727273,2.458333,1.0,2.3333335,4.0,2.1666667,1.8333335,-2.0,-0.8333334,-1.1666667,2.0,0.0,4.0,2.0,0.0,0.0,2,2,1,1,0,0,4.1833334,3.6499999,1.8333334,1.8066667,2.0166667,2,0,4,0,NA
7,1,O,Y,N,N,1,4,Rosenborg,15,TOP_TABLE,12.944445,2.833334,3.1111107,3.0,3.0,4.6666665,3.0,1.6666667,-1.3333334,0.0,-1.3333334,0.0,1.0,1.0,2.0,0.0,0.0,3,2,0,0,0,1,Viking,10,MIDLE_UP,5.6547623,-2.25,2.9047623,-2.0,3.0,2.6666667,0.0,2.6666667,-2.3333335,-2.0,-0.33333334,0.0,1.0,1.0,2.0,0.0,0.0,0,3,1,0,2,0,1.3866667,4.733333,7.866667,1.63,2.25,1,0,4,0,NA
7,2,O,Y,N,Y,1,4,Odd,14,TOP_TABLE,14.988636,3.363636,3.625,3.0,1.0,4.0,2.0,2.0,0.0,0.0,0.0,1.0,0.0,1.0,1.0,0.0,0.0,2,2,1,1,0,0,Lillestrøm,7,MIDLE_UP,4.866667,0.0,1.2,3.0,-1.3333333,3.3333335,2.0,1.3333334,-2.6666667,-1.0,-1.6666667,2.0,2.0,2.0,4.0,0.0,0.0,1,0,2,2,0,1,1.5133333,4.226667,6.2000003,1.7,2.1,0,1,1,3,NA
7,1,O,Y,Y,N,2,6,Aalesund,4,BOTTOM_TABLE,-2.2380953,2.0,-1.904762,-2.0,-1.3333333,2.1666667,1.6666667,0.5,-3.8333335,-1.3333334,-2.5,1.0,1.0,2.0,2.0,0.0,0.0,1,0,0,1,2,2,Tromsø,6,MIDLE_DOWN,1.6666667,-1.8333333,-2.5,3.0,1.0,1.8333334,1.3333334,0.5,-2.1666667,-0.6666667,-1.5,1.0,0.0,1.0,2.0,0.0,0.0,1,0,1,2,1,1,2.1133332,3.3999999,3.4333334,1.9566666,1.8766667,2,0,6,0,NA
7,1,U,Y,N,N,1,2,Valerenga,3,BOTTOM_TABLE,-6.560606,-2.727273,3.5,-1.333333,-2.0,1.3333334,1.0,0.33333334,-4.666667,-2.0,-2.6666667,0.0,1.0,2.0,2.0,0.0,0.0,1,0,0,0,2,3,Start,3,BOTTOM_TABLE,-3.225,-1.5999999,-2.625,1.0,-2.0,1.2,1.2,0.0,-3.8,-2.8,-1.0,1.0,1.0,2.0,1.0,0.0,0.0,0,0,2,1,2,1,1.5066667,4.226667,6.25,1.7599999,2.0733335,1,0,2,0,NA
7,1,O,Y,N,Y,1,4,Haugesund,10,MIDLE_UP,4.942857,2.1428568,0.79999995,-2.0,-2.0,3.0714285,1.5,1.5714285,-2.9285715,-0.5,-2.4285715,2.0,1.0,3.0,2.0,0.0,0.0,1,2,1,0,0,2,Stabæk,4,MIDLE_DOWN,-4.4285707,-2.4285712,0.5,2.3333335,-1.4999998,1.75,1.0,0.75,-4.25,-2.0,-2.25,1.0,0.0,2.0,2.0,0.0,0.0,1,0,0,1,2,2,2.3433335,3.3666668,2.993333,1.8133334,2.0133333,1,0,3,1,NA
8,1,U,Y,Y,N,2,2,Lillestrøm,10,MIDLE_UP,8.366667,3.5,0.0,1.2,3.0,4.0833335,2.0,2.0833335,-2.9166667,-1.0,-1.9166667,2.0,2.0,2.0,4.0,0.0,0.0,1,1,2,2,0,1,Valerenga,6,MIDLE_DOWN,-3.560606,3.0,-2.727273,3.5,-1.333333,2.3333335,2.0,0.33333334,-4.666667,-2.0,-2.6666667,0.0,1.0,2.0,2.0,0.0,0.0,2,0,0,0,2,3,2.1299999,3.4000003,3.3833332,1.9900001,1.8466667,2,0,2,0,NA
8,1,U,N,N,N,0,1,Molde,14,TOP_TABLE,9.51894,-3.333333,3.727273,2.458333,1.0,4.0,2.1666667,1.8333335,-3.0,-0.8333334,-2.1666667,2.0,1.0,4.0,3.0,0.0,0.0,2,2,1,1,0,1,Aalesund,7,MIDLE_DOWN,1.2619047,3.5,2.0,-1.904762,-2.0,3.1666667,2.6666667,0.5,-3.8333335,-1.3333334,-2.5,1.0,1.0,3.0,2.0,0.0,0.0,2,0,0,1,2,2,1.37,4.9333334,7.883333,1.5,2.5,0,0,1,0,NA
8,1,O,Y,Y,Y,2,5,Viking,10,MIDLE_UP,3.3214288,-2.3333335,-2.25,2.9047623,-2.0,2.6666667,0.0,2.6666667,-3.3333335,-2.0,-1.3333334,0.0,1.0,1.0,2.0,0.0,0.0,0,3,1,0,2,1,Haugesund,13,TOP_TABLE,8.042856,3.0999994,2.1428568,0.79999995,-2.0,3.8214285,2.25,1.5714285,-3.1785715,-0.75,-2.4285715,1.0,1.0,3.0,2.0,0.0,0.0,2,2,1,0,0,2,1.8966666,3.5666666,3.9333334,1.8133334,2.0266666,1,1,3,2,NA
8,1,U,Y,N,N,1,1,Tromsø,6,BOTTOM_TABLE,-0.83333325,-2.5,-1.8333333,-2.5,3.0,1.8333334,1.3333334,0.5,-3.1666667,-0.6666667,-2.5,1.0,1.0,1.0,3.0,0.0,0.0,1,0,1,2,1,2,Brann,14,TOP_TABLE,11.835859,3.363637,3.25,-2.1111112,3.0,4.166667,2.0,2.1666667,-1.8333334,0.0,-1.8333334,0.0,1.0,1.0,2.0,0.0,0.0,2,2,1,1,0,1,2.41,3.25,2.9666665,2.07,1.7599999,1,0,1,0,NA
8,X,O,Y,N,Y,1,4,Start,3,BOTTOM_TABLE,-5.225,-2.0,-1.5999999,-2.625,1.0,1.2,1.2,0.0,-4.8,-2.8,-2.0,1.0,1.0,2.0,1.0,0.0,0.0,0,0,2,1,2,2,Strømsgodset,13,MIDLE_UP,9.811905,3.3000002,3.4285712,3.0833335,-2.0,4.166667,3.1666667,1.0,-2.8333333,-0.8333334,-2.0,1.0,1.0,2.0,1.0,0.0,0.0,3,1,1,0,0,2,4.9166665,4.0499997,1.6466666,1.7633333,2.0666666,0,1,2,2,NA
8,X,U,Y,N,Y,1,2,Sogndal,7,MIDLE_DOWN,-1.8106062,-2.3636365,-2.3636365,-2.0833333,3.0,2.3333333,2.0,0.33333334,-3.6666667,-1.0,-2.6666667,0.0,0.0,1.0,1.0,0.0,0.0,2,0,0,1,1,3,Rosenborg,18,TOP_TABLE,16.277779,3.333334,2.833334,3.1111107,3.0,5.6666665,4.0,1.6666667,-1.3333334,0.0,-1.3333334,0.0,1.0,2.0,2.0,0.0,0.0,4,2,0,0,0,1,7.1,4.4166665,1.4399999,1.43,1.8000001,1,0,1,1,NA
8,2,O,Y,Y,Y,3,3,Stabæk,4,BOTTOM_TABLE,-6.5285707,-2.1,-2.4285712,0.5,2.3333335,2.0,1.0,1.0,-5.0,-2.0,-3.0,1.0,0.0,2.0,2.0,0.0,0.0,1,0,0,1,2,3,Odd,14,TOP_TABLE,12.488636,-2.5,3.363636,3.625,3.0,4.25,2.25,2.0,-0.75,-0.75,0.0,1.0,0.0,2.0,1.0,0.0,0.0,2,2,1,1,1,0,3.7666667,3.55,1.9533334,1.9033333,1.9333334,1,2,1,2,NA
8,2,U,Y,N,N,1,2,Bodø / Glimt,7,MIDLE_DOWN,-0.40119028,-2.3,-1.1428571,-1.4583333,-2.0,3.0119047,2.5119047,0.5,-3.9880953,-1.4880953,-2.5,1.0,1.0,4.0,1.0,0.0,0.0,2,0,0,1,2,2,Sarpsborg 08,9,MIDLE_UP,6.4333334,4.3333335,2.6,1.5,-2.0,2.3,1.5,0.8,-2.7,-1.5,-1.2,0.0,2.0,1.0,3.0,0.0,0.0,1,1,2,1,1,1,2.3566666,3.4333334,2.9166667,1.7966666,2.0266666,0,1,0,2,NA
9,1,U,N,N,N,0,2,Viking,13,MIDLE_UP,5.821429,2.5,-2.3333335,-2.25,2.9047623,3.266667,0.6,2.6666667,-3.7333336,-2.4,-1.3333334,1.0,1.0,2.0,2.0,0.0,0.0,1,3,1,0,2,1,Tromsø,9,MIDLE_DOWN,3.5000002,4.3333335,-2.5,-1.8333333,-2.5,2.8333335,2.3333335,0.5,-3.1666667,-0.6666667,-2.5,1.0,1.0,1.0,3.0,0.0,0.0,2,0,1,2,1,2,1.6033334,3.8166666,5.7833333,1.7833333,2.0433333,0,0,2,0,NA
9,1,O,Y,N,Y,1,4,Strømsgodset,14,TOP_TABLE,7.478572,-2.333333,3.3000002,3.4285712,3.0833335,4.666667,3.1666667,1.5,-3.3333333,-0.8333334,-2.5,1.0,1.0,2.0,2.0,0.0,0.0,3,1,1,1,0,2,Lillestrøm,13,MIDLE_UP,11.766666,3.3999996,3.5,0.0,1.2,5.0833335,3.0,2.0833335,-2.9166667,-1.0,-1.9166667,2.0,2.0,2.0,4.0,0.0,0.0,2,1,2,2,0,1,1.69,3.9166667,4.75,1.63,2.25,1,0,3,1,NA
9,1,U,N,N,N,0,1,Brann,14,TOP_TABLE,8.502525,-3.333334,3.363637,3.25,-2.1111112,4.166667,2.0,2.1666667,-2.8333335,0.0,-2.8333335,0.0,1.0,1.0,2.0,0.0,0.0,2,2,1,1,0,2,Start,4,BOTTOM_TABLE,-0.8916669,4.333333,-2.0,-1.5999999,-2.625,1.7,1.7,0.0,-5.3,-3.3,-2.0,1.0,1.0,2.0,1.0,0.0,0.0,0,0,3,1,2,2,1.6066667,3.7333333,5.85,1.9366666,1.9,0,0,1,0,NA
9,1,O,Y,N,Y,1,3,Odd,17,TOP_TABLE,15.536255,3.0476189,-2.5,3.363636,3.625,4.9166665,2.25,2.6666667,-1.0833334,-0.75,-0.33333334,1.0,1.0,2.0,1.0,0.0,0.0,2,3,1,1,1,0,Bodø / Glimt,7,MIDLE_DOWN,-2.6234126,-2.2222223,-2.3,-1.1428571,-1.4583333,3.0119047,2.5119047,0.5,-4.9880953,-2.4880953,-2.5,1.0,1.0,3.0,1.0,0.0,0.0,2,0,0,1,3,2,1.2033334,6.5,13.416667,1.48,2.6,1,0,2,1,NA
9,1,O,Y,N,N,1,3,Valerenga,6,BOTTOM_TABLE,-5.960606,-2.4,3.0,-2.727273,3.5,2.3333335,2.0,0.33333334,-5.666667,-2.0,-3.6666667,0.0,1.0,2.0,2.0,0.0,0.0,2,0,0,0,2,4,Sarpsborg 08,12,MIDLE_UP,9.655556,3.2222223,4.3333335,2.6,1.5,3.3,1.5,1.8,-2.7,-1.5,-1.2,0.0,2.0,1.0,2.0,0.0,0.0,1,2,2,1,1,1,1.9900001,3.5,3.6666667,1.8033334,2.0366666,1,0,3,0,NA
9,1,O,Y,N,Y,1,4,Rosenborg,19,TOP_TABLE,15.70635,-0.5714283,3.333334,2.833334,3.1111107,6.1666665,4.0,2.1666667,-1.8333334,0.0,-1.8333334,0.0,1.0,2.0,2.0,0.0,0.0,4,2,0,1,0,1,Stabæk,4,BOTTOM_TABLE,-8.57619,-2.0476193,-2.1,-2.4285712,0.5,2.3333333,1.3333334,1.0,-5.6666665,-2.6666667,-3.0,1.0,0.0,2.0,2.0,0.0,0.0,1,0,0,1,3,3,1.2233334,6.2833333,11.833333,1.45,2.67,1,0,3,1,NA
9,2,O,Y,Y,Y,2,5,Aalesund,7,MIDLE_DOWN,-1.2380953,-2.5,3.5,2.0,-1.904762,3.1666667,2.6666667,0.5,-4.8333335,-1.3333334,-3.5,1.0,1.0,3.0,1.0,0.0,0.0,2,0,0,1,2,3,Sogndal,8,MIDLE_DOWN,0.7608223,2.5714285,-2.3636365,-2.3636365,-2.0833333,2.8333333,2.5,0.33333334,-4.166667,-1.5,-2.6666667,0.0,0.0,1.0,1.0,0.0,0.0,2,0,1,1,1,3,1.9499999,3.4333332,3.8999999,1.9633335,1.8733333,1,1,1,4,NA
9,X,O,Y,N,Y,1,6,Haugesund,13,MIDLE_UP,6.542856,-1.5,3.0999994,2.1428568,0.79999995,4.2214284,2.25,1.9714285,-3.7785716,-0.75,-3.0285716,1.0,1.0,3.0,3.0,0.0,0.0,2,2,1,0,0,3,Molde,17,TOP_TABLE,13.01894,3.5,-3.333333,3.727273,2.458333,5.0,3.1666667,1.8333335,-3.0,-0.8333334,-2.1666667,1.0,1.0,3.0,3.0,0.0,0.0,3,2,1,1,0,1,3.8999999,3.5,1.9366668,1.7599999,2.0733335,0,1,3,3,NA
10,1,O,Y,Y,Y,3,6,Molde,18,TOP_TABLE,13.711247,0.6923075,3.5,-3.333333,3.727273,5.5,3.1666667,2.3333335,-3.5,-0.8333334,-2.6666667,1.0,1.0,3.0,3.0,0.0,0.0,3,2,1,2,0,1,Strømsgodset,17,TOP_TABLE,10.05,2.5714283,-2.333333,3.3000002,3.4285712,5.416667,3.9166667,1.5,-3.5833333,-1.0833334,-2.5,1.0,1.0,3.0,2.0,0.0,0.0,4,1,1,1,0,2,1.81,3.7,4.233333,1.6633333,2.2166667,3,0,4,2,NA
10,1,U,Y,N,N,1,1,Lillestrøm,13,MIDLE_UP,10.195238,-1.5714283,3.3999996,3.5,0.0,5.3333335,3.0,2.3333335,-3.6666667,-1.0,-2.6666667,2.0,2.0,2.0,4.0,0.0,0.0,2,1,2,2,0,2,Brann,17,TOP_TABLE,12.216811,3.7142859,-3.333334,3.363637,3.25,5.166667,3.0,2.1666667,-2.8333335,0.0,-2.8333335,0.0,1.0,1.0,2.0,0.0,0.0,3,2,1,1,0,2,1.9500002,3.4833336,3.8500001,1.9966666,1.84,1,0,1,0,NA
10,1,O,Y,Y,Y,4,4,Haugesund,14,MIDLE_UP,7.8505487,1.3076925,-1.5,3.0999994,2.1428568,4.7214284,2.75,1.9714285,-4.2785716,-1.25,-3.0285716,1.0,1.0,4.0,3.0,0.0,0.0,2,2,2,0,0,3,Odd,20,TOP_TABLE,18.457825,2.9215698,3.0476189,-2.5,3.363636,5.583333,2.9166667,2.6666667,-1.4166667,-1.0833334,-0.33333334,1.0,1.0,2.0,1.0,0.0,0.0,3,3,1,1,1,0,3.1833332,3.3666668,2.2266667,1.81,2.0166667,3,1,3,1,NA
10,X,U,N,N,N,0,0,Bodø / Glimt,7,BOTTOM_TABLE,-4.544981,-1.9215684,-2.2222223,-2.3,-1.1428571,3.345238,2.5119047,0.8333334,-5.654762,-2.4880953,-3.1666667,1.0,1.0,3.0,2.0,0.0,0.0,2,0,0,1,3,3,Valerenga,9,MIDLE_DOWN,-1.9606061,4.0,-2.4,3.0,-2.727273,3.3333335,3.0,0.33333334,-5.666667,-2.0,-3.6666667,0.0,1.0,2.0,2.0,0.0,0.0,3,0,0,0,2,4,2.8933334,3.4166667,2.3700001,1.6833334,2.18,0,0,0,0,NA
10,2,U,N,N,N,0,2,Start,4,BOTTOM_TABLE,-3.6059527,-2.7142859,4.333333,-2.0,-1.5999999,1.7,1.7,0.0,-6.3,-3.3,-3.0,1.0,0.0,2.0,1.0,0.0,0.0,0,0,3,1,2,3,Rosenborg,22,TOP_TABLE,18.995825,3.2894745,-0.5714283,3.333334,2.833334,6.9166665,4.75,2.1666667,-2.0833335,-0.25,-1.8333334,0.0,1.0,2.0,2.0,0.0,0.0,5,2,0,1,0,1,8.25,5.15,1.34,1.57,2.35,0,0,0,2,NA
10,1,U,N,N,N,0,1,Stabæk,4,BOTTOM_TABLE,-10.865664,-2.2894735,-2.0476193,-2.1,-2.4285712,2.5833333,1.3333334,1.25,-6.4166665,-2.6666667,-3.75,1.0,0.0,2.0,3.0,0.0,0.0,1,0,0,1,3,4,Viking,16,MIDLE_UP,9.129121,3.307692,2.5,-2.3333335,-2.25,4.266667,1.6,2.6666667,-3.7333336,-2.4,-1.3333334,0.0,1.0,2.0,2.0,0.0,0.0,2,3,1,0,2,1,2.75,3.3333333,2.5166667,2.03,1.81,0,0,1,0,NA
10,X,U,N,N,N,0,0,Sogndal,11,MIDLE_DOWN,3.4858222,2.725,2.5714285,-2.3636365,-2.3636365,3.6333332,2.5,1.1333333,-4.366667,-1.5,-2.8666668,0.0,0.0,1.0,2.0,0.0,0.0,2,1,1,1,1,3,Tromsø,9,MIDLE_DOWN,1.192308,-2.3076923,4.3333335,-2.5,-1.8333333,2.8333335,2.3333335,0.5,-4.166667,-0.6666667,-3.5,1.0,0.0,1.0,2.0,0.0,0.0,2,0,1,2,1,3,1.8066667,3.5666666,4.443333,2.1033332,1.73,0,0,0,0,NA
10,1,U,Y,N,N,1,1,Sarpsborg 08,12,MIDLE_UP,6.6555557,-3.0,3.2222223,4.3333335,2.6,3.3,1.5,1.8,-3.7,-1.5,-2.2,0.0,1.0,1.0,2.0,0.0,0.0,1,2,2,1,1,2,Aalesund,7,BOTTOM_TABLE,-2.9630952,-1.7249999,-2.5,3.5,2.0,3.3666668,2.8666668,0.5,-5.6333337,-2.1333334,-3.5,1.0,1.0,3.0,1.0,0.0,0.0,2,0,0,1,3,3,1.7599999,3.7833335,4.4166665,1.7000002,2.1466665,1,0,1,0,NA
11,2,O,N,N,Y,0,3,Tromsø,10,MIDLE_DOWN,2.4145303,1.2222223,-2.3076923,4.3333335,-2.5,2.8333335,2.3333335,0.5,-4.166667,-0.6666667,-3.5,1.0,0.0,1.0,2.0,0.0,0.0,2,0,1,3,1,3,Bodø / Glimt,8,MIDLE_DOWN,-3.2592669,1.2857141,-1.9215684,-2.2222223,-2.3,3.345238,2.5119047,0.8333334,-5.654762,-2.4880953,-3.1666667,1.0,1.0,3.0,2.0,0.0,0.0,2,0,1,1,3,3,2.09,3.5166664,3.3500001,1.8533334,1.9833332,0,0,1,2,NA
11,X,U,N,N,Y,0,2,Aalesund,7,BOTTOM_TABLE,-5.3797617,-2.4166665,-1.7249999,-2.5,3.5,3.3666668,2.8666668,0.5,-6.6333337,-2.1333334,-4.5,1.0,1.0,3.0,1.0,0.0,0.0,2,0,0,1,3,4,Start,4,BOTTOM_TABLE,-6.4241343,-2.8181815,-2.7142859,4.333333,-2.0,1.7,1.7,0.0,-7.3,-4.3,-3.0,1.0,0.0,2.0,1.0,0.0,0.0,0,0,3,1,3,3,1.6166667,4.0499997,5.1333337,1.7066666,2.14,0,0,1,1,NA
11,X,U,N,N,N,0,0,Viking,16,MIDLE_UP,4.129121,-5.0,3.307692,2.5,-2.3333335,4.266667,1.6,2.6666667,-4.7333336,-2.4,-2.3333335,0.0,1.0,2.0,2.0,0.0,0.0,2,3,1,0,2,2,Sogndal,12,MIDLE_DOWN,4.2636,0.7777777,2.725,2.5714285,-2.3636365,3.6333332,2.5,1.1333333,-4.366667,-1.5,-2.8666668,0.0,0.0,1.0,2.0,0.0,0.0,2,1,2,1,1,3,1.6933333,3.7333333,5.0,2.0366666,1.8000001,0,0,0,0,NA
11,2,U,Y,N,N,1,1,Valerenga,10,MIDLE_DOWN,-1.2463204,0.71428573,4.0,-2.4,3.0,3.3333335,3.0,0.33333334,-5.666667,-2.0,-3.6666667,0.0,1.0,2.0,2.0,0.0,0.0,3,0,0,1,2,4,Haugesund,17,TOP_TABLE,10.77912,2.9285717,1.3076925,-1.5,3.0999994,5.4714284,3.5,1.9714285,-4.5285716,-1.5,-3.0285716,2.0,1.0,4.0,3.0,0.0,0.0,3,2,2,0,0,3,1.8233334,3.8,4.016667,1.6,2.3366663,0,1,0,1,NA
11,1,O,Y,N,Y,1,3,Rosenborg,25,TOP_TABLE,22.814007,3.818182,3.2894745,-0.5714283,3.333334,7.9166665,4.75,3.1666667,-2.0833335,-0.25,-1.8333334,0.0,0.0,2.0,2.0,0.0,0.0,5,3,0,1,0,1,Lillestrøm,16,MIDLE_UP,13.502931,3.3076925,-1.5714283,3.3999996,3.5,6.3333335,4.0,2.3333335,-3.6666667,-1.0,-2.6666667,1.0,2.0,2.0,4.0,0.0,0.0,3,1,2,2,0,2,1.2233334,6.3333335,12.083333,1.5,2.5,1,0,2,1,NA
11,1,U,N,N,N,0,2,Odd,20,TOP_TABLE,16.529253,-1.9285717,2.9215698,3.0476189,-2.5,5.833333,2.9166667,2.9166667,-2.1666667,-1.0833334,-1.0833334,1.0,1.0,2.0,2.0,0.0,0.0,3,3,1,1,1,1,Molde,21,TOP_TABLE,16.100136,2.3888884,0.6923075,3.5,-3.333333,6.1666665,3.8333335,2.3333335,-3.8333333,-1.1666667,-2.6666667,2.0,1.0,3.0,3.0,0.0,0.0,4,2,1,2,0,1,2.2533333,3.5333335,2.99,1.1999999,1.4333334,0,0,2,0,NA
11,1,U,N,N,N,0,1,Brann,17,MIDLE_UP,9.909119,-2.3076925,3.7142859,-3.333334,3.363637,5.166667,3.0,2.1666667,-3.8333335,0.0,-3.8333335,0.0,1.0,1.0,2.0,0.0,0.0,3,2,1,1,0,3,Stabæk,7,BOTTOM_TABLE,-4.8656635,6.0,-2.2894735,-2.0476193,-2.1,3.5833333,2.3333335,1.25,-6.4166665,-2.6666667,-3.75,1.0,0.0,2.0,3.0,0.0,0.0,2,0,0,1,3,4,2.0133333,3.4333334,3.6499999,1.9933333,1.8433334,0,0,1,0,NA
11,1,O,Y,N,N,1,4,Strømsgodset,17,TOP_TABLE,8.661112,-1.3888884,2.5714283,-2.333333,3.3000002,5.7500005,3.9166667,1.8333334,-4.25,-1.0833334,-3.1666667,1.0,1.0,3.0,2.0,0.0,0.0,4,1,1,1,0,3,Sarpsborg 08,15,MIDLE_UP,10.072223,3.416667,-3.0,3.2222223,4.3333335,4.3,2.5,1.8,-3.7,-1.5,-2.2,0.0,1.0,1.0,2.0,0.0,0.0,2,2,2,1,1,2,1.65,3.9333332,5.1,1.6366667,2.2666667,1,0,4,0,NA
12,X,U,N,N,N,0,0,Sarpsborg 08,15,MIDLE_UP,7.9545755,-2.1176472,3.416667,-3.0,3.2222223,4.3,2.5,1.8,-4.7,-1.5,-3.2,0.0,1.0,1.0,3.0,0.0,0.0,2,2,2,1,1,3,Odd,23,TOP_TABLE,19.579252,3.0499992,-1.9285717,2.9215698,3.0476189,6.833333,3.9166667,2.9166667,-2.1666667,-1.0833334,-1.0833334,0.0,1.0,2.0,2.0,0.0,0.0,4,3,1,1,1,1,2.9666665,3.3833332,2.35,1.8733333,1.96,0,0,0,0,NA
12,2,O,Y,Y,N,2,3,Stabæk,7,BOTTOM_TABLE,-7.453899,-2.5882354,6.0,-2.2894735,-2.0476193,3.5833333,2.3333335,1.25,-7.4166665,-2.6666667,-4.75,1.0,0.0,2.0,2.0,0.0,0.0,2,0,0,1,3,5,Tromsø,10,MIDLE_DOWN,0.831197,-1.5833333,1.2222223,-2.3076923,4.3333335,3.1666667,2.6666667,0.5,-4.8333335,-1.3333334,-3.5,0.0,0.0,1.0,2.0,0.0,0.0,2,0,1,3,2,3,1.8233333,3.55,4.36,1.9633335,1.8733333,0,2,0,3,NA
12,1,U,N,N,N,0,2,Molde,21,TOP_TABLE,14.050136,-2.0500002,2.3888884,0.6923075,3.5,6.1666665,3.8333335,2.3333335,-4.833333,-1.1666667,-3.6666667,2.0,0.0,3.0,3.0,0.0,0.0,4,2,1,2,0,2,Brann,20,MIDLE_UP,13.4973545,3.5882359,-2.3076925,3.7142859,-3.333334,6.166667,4.0,2.1666667,-3.8333335,0.0,-3.8333335,0.0,1.0,1.0,2.0,0.0,0.0,4,2,1,1,0,3,1.6125,4.045,5.4700003,1.7400001,2.0966666,0,0,2,0,NA
12,2,U,Y,N,N,1,1,Bodø / Glimt,11,MIDLE_DOWN,-0.67593336,2.5833335,1.2857141,-1.9215684,-2.2222223,4.0119047,2.5119047,1.5,-5.9880953,-2.4880953,-3.5,1.0,0.0,3.0,2.0,0.0,0.0,2,1,1,1,3,3,Aalesund,8,BOTTOM_TABLE,-5.1297617,0.25,-2.4166665,-1.7249999,-2.5,3.8666668,3.3666668,0.5,-7.1333337,-2.6333334,-4.5,1.0,1.0,3.0,1.0,0.0,0.0,2,0,1,1,3,4,1.755,3.7475,4.705,1.3933334,1.8699999,0,1,0,1,NA
12,1,O,Y,Y,Y,2,5,Strømsgodset,20,TOP_TABLE,11.778759,3.1176472,-1.3888884,2.5714283,-2.333333,6.7500005,4.916667,1.8333334,-4.25,-1.0833334,-3.1666667,1.0,1.0,3.0,2.0,0.0,0.0,5,1,1,1,0,3,Valerenga,10,BOTTOM_TABLE,-3.6580849,-2.4117646,0.71428573,4.0,-2.4,3.3333335,3.0,0.33333334,-6.666667,-3.0,-3.6666667,0.0,1.0,2.0,2.0,0.0,0.0,3,0,0,1,3,4,1.4675,4.45,6.8975,1.6233333,2.2866666,0,2,3,2,NA
12,X,O,Y,N,Y,1,4,Sogndal,13,MIDLE_DOWN,5.5969334,1.3333335,0.7777777,2.725,2.5714285,3.6333332,2.5,1.1333333,-4.366667,-1.5,-2.8666668,0.0,0.0,1.0,2.0,0.0,0.0,2,1,2,2,1,3,Start,5,BOTTOM_TABLE,-4.6741343,1.75,-2.8181815,-2.7142859,4.333333,2.2,1.7,0.5,-7.8,-4.3,-3.5,1.0,0.0,2.0,1.0,0.0,0.0,0,0,3,2,3,3,1.7075,3.7450001,5.0325,2.0925,1.76,1,0,2,2,NA
12,X,U,Y,Y,Y,2,2,Haugesund,20,TOP_TABLE,14.190886,3.411765,2.9285717,1.3076925,-1.5,6.4714284,3.5,2.9714284,-4.5285716,-1.5,-3.0285716,2.0,1.0,4.0,2.0,0.0,0.0,3,3,2,0,0,3,Rosenborg,28,TOP_TABLE,25.50734,2.6933327,3.818182,3.2894745,-0.5714283,8.583333,5.4166665,3.1666667,-2.4166667,-0.5833334,-1.8333334,0.0,0.0,2.0,2.0,0.0,0.0,6,3,0,1,0,1,3.9475,3.6875,1.91,1.1999999,1.4333334,1,1,1,1,NA
12,2,O,Y,N,Y,1,3,Lillestrøm,16,MIDLE_UP,11.809597,-1.6933336,3.3076925,-1.5714283,3.3999996,6.666667,4.0,2.6666667,-4.3333335,-1.0,-3.3333335,1.0,1.0,2.0,3.0,0.0,0.0,3,1,2,2,0,3,Viking,17,MIDLE_UP,4.7957873,0.6666665,-5.0,3.307692,2.5,4.266667,1.6,2.6666667,-4.7333336,-2.4,-2.3333335,0.0,1.0,1.0,2.0,0.0,0.0,2,3,2,0,2,2,2.46,3.4075,2.8650002,1.8725001,1.97,0,1,1,2,NA
13,2,O,Y,Y,Y,3,3,Tromsø,13,MIDLE_DOWN,4.131197,3.3,-1.5833333,1.2222223,-2.3076923,4.166667,2.6666667,1.5,-4.8333335,-1.3333334,-3.5,0.0,0.0,1.0,2.0,0.0,0.0,2,1,1,3,2,3,Sarpsborg 08,16,MIDLE_UP,9.487909,1.5333338,-2.1176472,3.416667,-3.0,4.3,2.5,1.8,-4.7,-1.5,-3.2,0.0,1.0,1.0,3.0,0.0,0.0,2,2,3,1,1,3,2.31,3.25,3.1333332,2.0566666,1.77,1,2,1,2,NA
13,1,O,Y,Y,Y,4,4,Rosenborg,29,TOP_TABLE,26.10734,0.6000004,2.6933327,3.818182,3.2894745,9.083333,5.4166665,3.6666667,-2.9166667,-0.5833334,-2.3333335,0.0,1.0,2.0,2.0,0.0,0.0,6,3,0,2,0,1,Molde,24,TOP_TABLE,17.097755,3.0476198,-2.0500002,2.3888884,0.6923075,7.1666665,4.8333335,2.3333335,-4.833333,-1.1666667,-3.6666667,1.0,0.0,3.0,3.0,0.0,0.0,5,2,1,2,0,2,1.605,4.1549997,5.2875,1.63,2.25,3,1,3,1,NA
13,X,O,Y,Y,Y,2,4,Sogndal,14,MIDLE_DOWN,4.9969335,-0.5999999,1.3333335,0.7777777,2.725,4.133333,3.0,1.1333333,-4.866667,-2.0,-2.8666668,0.0,0.0,1.0,2.0,0.0,0.0,2,1,3,2,1,3,Lillestrøm,16,MIDLE_UP,10.41744,-1.3921566,-1.6933336,3.3076925,-1.5714283,7.0000005,4.3333335,2.6666667,-5.0,-1.6666667,-3.3333335,1.0,1.0,2.0,3.0,0.0,0.0,3,1,2,2,1,3,1.9,3.555,4.1724997,1.965,1.88,0,2,2,2,NA
13,1,O,Y,Y,Y,2,3,Odd,24,TOP_TABLE,20.04592,0.46666718,3.0499992,-1.9285717,2.9215698,6.833333,3.9166667,2.9166667,-2.1666667,-1.0833334,-1.0833334,0.0,1.0,2.0,1.0,0.0,0.0,4,3,1,2,1,1,Strømsgodset,23,TOP_TABLE,14.478759,2.6999998,3.1176472,-1.3888884,2.5714283,7.3500004,5.516667,1.8333334,-4.65,-1.4833333,-3.1666667,1.0,1.0,3.0,2.0,0.0,0.0,6,1,1,1,0,3,2.1766665,3.4833336,3.2,1.7533334,2.0833333,1,1,2,1,NA
13,1,U,Y,Y,N,2,2,Viking,20,MIDLE_UP,7.1879444,2.392157,0.6666665,-5.0,3.307692,4.9333334,1.6,3.3333335,-5.066667,-2.4,-2.6666667,0.0,1.0,1.0,2.0,0.0,0.0,2,4,2,0,2,2,Bodø / Glimt,11,MIDLE_DOWN,-3.0509334,-2.375,2.5833335,1.2857141,-1.9215684,4.0119047,2.5119047,1.5,-6.9880953,-3.4880953,-3.5,1.0,0.0,2.0,2.0,0.0,0.0,2,1,1,1,4,3,1.42,4.6375,7.7425,1.1999999,1.4333334,2,0,2,0,NA
13,2,O,Y,Y,N,2,5,Start,6,BOTTOM_TABLE,-2.0741343,2.6,1.75,-2.8181815,-2.7142859,2.7,1.7,1.0,-8.3,-4.3,-4.0,1.0,0.0,2.0,2.0,0.0,0.0,0,0,3,3,3,3,Stabæk,7,BOTTOM_TABLE,-9.753899,-2.2999997,-2.5882354,6.0,-2.2894735,3.5833333,2.3333335,1.25,-8.416666,-3.6666667,-4.75,1.0,0.0,2.0,2.0,0.0,0.0,2,0,0,1,4,5,2.55,3.2333333,2.8266666,2.0433333,1.7933334,0,2,0,5,NA
13,1,U,N,N,N,0,1,Brann,20,MIDLE_UP,11.449736,-2.0476189,3.5882359,-2.3076925,3.7142859,6.166667,4.0,2.1666667,-4.8333335,0.0,-4.8333335,0.0,1.0,1.0,2.0,0.0,0.0,4,2,1,1,0,4,Haugesund,21,TOP_TABLE,15.590885,1.3999996,3.411765,2.9285717,1.3076925,6.9714284,4.0,2.9714284,-5.0285716,-2.0,-3.0285716,2.0,1.0,3.0,2.0,0.0,0.0,3,3,3,0,0,3,2.0625,3.39,3.705,2.06,1.79,0,0,1,0,NA
13,X,O,Y,N,Y,1,4,Aalesund,11,MIDLE_DOWN,-1.7547617,3.375,0.25,-2.4166665,-1.7249999,4.866667,3.3666668,1.5,-7.1333337,-2.6333334,-4.5,1.0,1.0,3.0,1.0,0.0,0.0,2,1,1,1,3,4,Valerenga,10,BOTTOM_TABLE,-5.3580847,-1.6999998,-2.4117646,0.71428573,4.0,3.7333336,3.0,0.73333335,-7.266667,-3.0,-4.266667,0.0,1.0,2.0,2.0,0.0,0.0,3,0,0,1,3,5,2.8850002,3.4149997,2.42,1.7675,2.085,1,0,2,2,NA
14,2,O,Y,Y,Y,3,6,Lillestrøm,17,MIDLE_UP,11.274584,0.8571434,-1.3921566,-1.6933336,3.3076925,7.5000005,4.3333335,3.1666667,-5.5,-1.6666667,-3.8333335,1.0,1.0,2.0,3.0,0.0,0.0,3,1,2,3,1,3,Tromsø,13,MIDLE_DOWN,2.6103637,-1.5208333,3.3,-1.5833333,1.2222223,4.5000005,3.0,1.5,-5.5,-2.0,-3.5,1.0,0.0,2.0,2.0,0.0,0.0,2,1,1,3,3,3,1.9133333,3.55,3.9333332,1.8533334,1.9833332,1,2,2,4,NA
14,1,O,Y,N,Y,1,3,Haugesund,21,MIDLE_UP,13.540885,-2.0500002,1.3999996,3.411765,2.9285717,6.9714284,4.0,2.9714284,-6.0285716,-2.0,-4.0285716,2.0,1.0,3.0,2.0,0.0,0.0,3,3,3,0,0,4,Start,6,BOTTOM_TABLE,-4.2169914,-2.142857,2.6,1.75,-2.8181815,2.7,1.7,1.0,-9.3,-5.3,-4.0,1.0,0.0,3.0,2.0,0.0,0.0,0,0,3,3,4,3,1.4850001,4.39,6.5899997,1.6666666,2.21,0,1,2,1,NA
14,X,U,N,N,N,0,0,Bodø / Glimt,11,BOTTOM_TABLE,-5.5009336,-2.4500003,-2.375,2.5833335,1.2857141,4.0119047,2.5119047,1.5,-7.9880953,-3.4880953,-4.5,1.0,1.0,2.0,2.0,0.0,0.0,2,1,1,1,4,4,Rosenborg,32,TOP_TABLE,28.779755,2.6724148,0.6000004,2.6933327,3.818182,9.833333,6.1666665,3.6666667,-3.1666667,-0.8333334,-2.3333335,1.0,1.0,2.0,2.0,0.0,0.0,7,3,0,2,0,1,6.6975,4.6150002,1.4550002,1.48,2.6,0,0,0,0,NA
14,2,U,Y,N,N,1,1,Valerenga,11,MIDLE_DOWN,-4.258085,1.0999999,-1.6999998,-2.4117646,0.71428573,4.2333336,3.0,1.2333333,-7.766667,-3.0,-4.766667,0.0,1.0,2.0,2.0,0.0,0.0,3,0,0,2,3,5,Odd,27,TOP_TABLE,22.42092,2.375,0.46666718,3.0499992,-1.9285717,7.4999995,4.5833335,2.9166667,-2.5,-1.4166667,-1.0833334,1.0,1.0,2.0,1.0,0.0,0.0,5,3,1,2,1,1,2.8666668,3.4833336,2.3666666,1.8000001,2.0233333,0,1,0,1,NA
14,2,U,N,N,N,0,1,Stabæk,10,BOTTOM_TABLE,-6.6110415,3.142857,-2.2999997,-2.5882354,6.0,4.583333,2.3333335,2.25,-8.416666,-3.6666667,-4.75,1.0,0.0,2.0,3.0,0.0,0.0,2,1,0,1,4,5,Sogndal,15,MIDLE_DOWN,6.1397905,1.1428571,-0.5999999,1.3333335,0.7777777,4.633333,3.5,1.1333333,-5.366667,-2.5,-2.8666668,0.0,0.0,1.0,2.0,0.0,0.0,2,1,4,2,1,3,2.2,3.4325,3.2850003,1.9525001,1.8874999,0,0,0,1,NA
14,1,U,N,N,N,0,1,Sarpsborg 08,19,MIDLE_UP,12.008743,2.520834,1.5333338,-2.1176472,3.416667,4.9666667,2.5,2.4666667,-5.0333333,-1.5,-3.5333333,0.0,1.0,1.0,3.0,0.0,0.0,2,3,3,1,1,3,Brann,23,MIDLE_UP,14.499736,3.0500002,-2.0476189,3.5882359,-2.3076925,7.166667,5.0,2.1666667,-4.8333335,0.0,-4.8333335,0.0,1.0,1.0,2.0,0.0,0.0,5,2,1,1,0,4,2.0,3.3666666,3.8,2.08,1.7566667,0,0,1,0,NA
14,2,U,N,N,N,0,1,Molde,24,TOP_TABLE,15.425342,-1.6724138,3.0476198,-2.0500002,2.3888884,7.4166665,4.8333335,2.5833335,-5.583333,-1.1666667,-4.416667,1.0,1.0,3.0,3.0,0.0,0.0,5,2,1,2,0,3,Viking,23,MIDLE_UP,10.637944,3.4499998,2.392157,0.6666665,-5.0,5.9333334,2.6,3.3333335,-5.066667,-2.4,-2.6666667,0.0,1.0,1.0,2.0,0.0,0.0,3,4,2,0,2,2,1.7025001,3.9125001,4.8125,1.46,1.7933334,0,0,0,1,NA
14,1,O,Y,Y,Y,4,6,Strømsgodset,23,TOP_TABLE,13.103759,-1.375,2.6999998,3.1176472,-1.3888884,7.683334,5.516667,2.1666667,-5.3166666,-1.4833333,-3.8333335,1.0,1.0,3.0,2.0,0.0,0.0,6,1,1,1,0,4,Aalesund,12,MIDLE_DOWN,-0.8547617,0.9,3.375,0.25,-2.4166665,5.366667,3.8666668,1.5,-7.6333337,-3.1333334,-4.5,1.0,1.0,3.0,1.0,0.0,0.0,2,1,2,1,3,4,1.375,5.2025,7.58,1.4,2.85,2,2,4,2,NA
15,2,O,Y,N,Y,1,5,Start,6,BOTTOM_TABLE,-6.2646103,-2.0476189,-2.142857,2.6,1.75,3.0333333,1.7,1.3333334,-9.966667,-5.3,-4.6666665,1.0,0.0,3.0,2.0,0.0,0.0,0,0,3,3,4,4,Bodø / Glimt,12,MIDLE_DOWN,-2.5918427,2.909091,-2.4500003,-2.375,2.5833335,4.0119047,2.5119047,1.5,-7.9880953,-3.4880953,-4.5,1.0,1.0,2.0,2.0,0.0,0.0,2,1,2,1,4,4,2.5525,3.49,2.6825001,1.7425001,2.11,0,1,1,4,NA
15,2,U,N,N,N,0,1,Viking,26,TOP_TABLE,13.681422,3.043478,3.4499998,2.392157,0.6666665,6.9333334,2.6,4.3333335,-5.066667,-2.4,-2.6666667,0.0,0.0,1.0,2.0,0.0,0.0,3,5,2,0,2,2,Strømsgodset,26,TOP_TABLE,15.915354,2.811595,-1.375,2.6999998,3.1176472,8.35,6.1833334,2.1666667,-5.65,-1.8166667,-3.8333335,1.0,1.0,3.0,2.0,0.0,0.0,7,1,1,1,0,4,2.4175,3.455,2.88,1.8249999,2.025,0,0,0,1,NA
15,X,O,Y,Y,Y,2,4,Tromsø,16,MIDLE_DOWN,5.2513895,2.6410258,-1.5208333,3.3,-1.5833333,5.166667,3.0,2.1666667,-5.8333335,-2.0,-3.8333333,1.0,1.0,2.0,2.0,0.0,0.0,2,2,1,3,3,3,Haugesund,24,TOP_TABLE,16.588505,3.0476198,-2.0500002,1.3999996,3.411765,7.638095,4.6666665,2.9714284,-6.361905,-2.3333333,-4.0285716,1.0,1.0,3.0,2.0,0.0,0.0,4,3,3,0,0,4,2.4533336,3.5166667,2.7166665,1.8066667,2.02,1,1,2,2,NA
15,1,O,Y,Y,Y,2,7,Rosenborg,33,TOP_TABLE,27.870665,-0.90909004,2.6724148,0.6000004,2.6933327,9.833333,6.1666665,3.6666667,-3.1666667,-0.8333334,-2.3333335,1.0,0.0,2.0,1.0,0.0,0.0,7,3,0,3,0,1,Sarpsborg 08,22,MIDLE_UP,15.21927,3.2105265,2.520834,1.5333338,-2.1176472,5.9666667,3.5,2.4666667,-5.0333333,-1.5,-3.5333333,0.0,1.0,1.0,3.0,0.0,0.0,3,3,3,1,1,3,1.2966666,5.566667,9.666667,1.48,2.6,1,1,5,2,NA
15,1,O,Y,Y,Y,2,5,Brann,23,MIDLE_UP,12.289209,-2.2105265,3.0500002,-2.0476189,3.5882359,7.166667,5.0,2.1666667,-5.8333335,0.0,-5.8333335,0.0,0.0,1.0,2.0,0.0,0.0,5,2,1,1,0,5,Valerenga,11,BOTTOM_TABLE,-6.8506775,-2.5925927,1.0999999,-1.6999998,-2.4117646,4.2333336,3.0,1.2333333,-8.766666,-4.0,-4.766667,0.0,1.0,2.0,2.0,0.0,0.0,3,0,0,2,4,5,2.2425,3.38,3.2549999,2.115,1.74,1,1,4,1,NA
15,1,O,Y,Y,Y,4,7,Sogndal,18,MIDLE_UP,9.473124,3.333333,1.1428571,-0.5999999,1.3333335,5.633333,3.5,2.1333332,-5.366667,-2.5,-2.8666668,0.0,0.0,1.0,1.0,0.0,0.0,2,2,4,2,1,3,Molde,24,MIDLE_UP,13.381864,-2.043478,-1.6724138,3.0476198,-2.0500002,7.4166665,4.8333335,2.5833335,-6.583333,-2.1666667,-4.416667,1.0,1.0,3.0,3.0,0.0,0.0,5,2,1,2,1,3,2.9125001,3.4074998,2.4225001,1.8874999,1.9575001,3,1,4,3,NA
15,1,O,Y,Y,Y,2,5,Odd,30,TOP_TABLE,26.013512,3.5925922,2.375,0.46666718,3.0499992,8.5,4.5833335,3.9166667,-2.5,-1.4166667,-1.0833334,1.0,1.0,2.0,1.0,0.0,0.0,5,4,1,2,1,1,Aalesund,12,MIDLE_DOWN,-2.666356,-1.8115944,0.9,3.375,0.25,5.7000003,3.8666668,1.8333334,-8.3,-3.1333334,-5.1666665,1.0,1.0,3.0,2.0,0.0,0.0,2,1,2,1,3,5,1.3033333,5.4833336,9.2,1.225,1.835,2,0,4,1,NA
15,2,O,Y,N,Y,1,3,Lillestrøm,17,MIDLE_DOWN,9.633558,-1.6410255,0.8571434,-1.3921566,-1.6933336,7.833334,4.666667,3.1666667,-6.1666665,-2.3333335,-3.8333335,1.0,1.0,2.0,3.0,0.0,0.0,3,1,2,3,2,3,Stabæk,10,BOTTOM_TABLE,-8.944375,-2.3333335,3.142857,-2.2999997,-2.5882354,4.583333,2.3333335,2.25,-9.416666,-4.666667,-4.75,1.0,0.0,2.0,3.0,0.0,0.0,2,1,0,1,5,5,2.0275,3.5774999,3.59,1.6875,2.2025,0,1,1,2,NA
16,X,U,Y,N,Y,1,2,Valerenga,11,BOTTOM_TABLE,-8.972417,-2.1217394,-2.5925927,1.0999999,-1.6999998,4.4333334,3.0,1.4333334,-9.566667,-4.0,-5.566667,0.0,1.0,2.0,3.0,0.0,0.0,3,0,0,2,4,6,Sogndal,21,MIDLE_UP,11.949314,2.4761906,3.333333,1.1428571,-0.5999999,6.204762,4.071429,2.1333332,-5.795238,-2.9285715,-2.8666668,1.0,0.0,2.0,1.0,0.0,0.0,3,2,4,2,1,3,2.115,3.4475,3.4925,2.0225,1.8225,1,0,1,1,NA
16,1,O,Y,Y,Y,2,5,Haugesund,25,MIDLE_UP,17.088505,0.5,3.0476198,-2.0500002,1.3999996,8.138095,4.6666665,3.4714284,-6.861905,-2.3333333,-4.5285716,1.0,1.0,3.0,2.0,0.0,0.0,4,3,3,1,0,4,Viking,26,TOP_TABLE,11.681422,-2.0,3.043478,3.4499998,2.392157,6.9333334,2.6,4.3333335,-6.066667,-3.4,-2.6666667,0.0,0.0,1.0,2.0,0.0,0.0,3,5,2,0,3,2,2.19,3.5175,3.235,1.87,1.9725001,1,1,4,1,NA
16,X,U,Y,N,Y,1,2,Aalesund,12,BOTTOM_TABLE,-4.866356,-2.1999998,-1.8115944,0.9,3.375,5.9,3.8666668,2.0333333,-9.1,-3.1333334,-5.9666667,1.0,1.0,3.0,2.0,0.0,0.0,2,1,2,1,3,6,Rosenborg,36,TOP_TABLE,30.632568,2.7619038,-0.90909004,2.6724148,0.6000004,10.547619,6.8809524,3.6666667,-3.4523811,-1.1190476,-2.3333335,1.0,0.0,3.0,1.0,0.0,0.0,8,3,0,3,0,1,7.3549995,4.9425,1.4,1.52,2.42,0,1,1,1,NA
16,1,U,N,N,N,0,1,Strømsgodset,29,TOP_TABLE,18.915354,3.0,2.811595,-1.375,2.6999998,9.35,6.1833334,3.1666667,-5.65,-1.8166667,-3.8333335,1.0,1.0,3.0,2.0,0.0,0.0,7,2,1,1,0,4,Tromsø,17,MIDLE_DOWN,6.7513895,1.5,2.6410258,-1.5208333,3.3,5.666667,3.5,2.1666667,-6.3333335,-2.5,-3.8333333,1.0,1.0,2.0,2.0,0.0,0.0,2,2,2,3,3,3,1.5333333,4.2266665,5.866667,1.6666666,2.2133334,0,0,1,0,NA
16,X,U,N,N,Y,0,2,Stabæk,13,MIDLE_DOWN,-5.9110413,3.0333338,-2.3333335,3.142857,-2.2999997,5.2499995,2.3333335,2.9166667,-9.749999,-4.666667,-5.0833335,1.0,0.0,2.0,3.0,0.0,0.0,2,2,0,1,5,5,Brann,26,TOP_TABLE,15.410948,3.1217384,-2.2105265,3.0500002,-2.0476189,7.966667,5.8,2.1666667,-6.0333333,-0.2,-5.8333335,0.0,0.0,1.0,2.0,0.0,0.0,6,2,1,1,0,5,2.3375,3.26,3.1474998,2.085,1.7674999,0,0,1,1,NA
16,X,O,Y,Y,Y,2,4,Molde,24,MIDLE_UP,11.905673,-1.4761906,-2.043478,-1.6724138,3.0476198,7.8452377,4.8333335,3.011905,-7.154762,-2.1666667,-4.9880958,1.0,1.0,3.0,3.0,0.0,0.0,5,2,1,2,1,4,Start,6,BOTTOM_TABLE,-8.364611,-2.1000004,-2.0476189,-2.142857,2.6,3.2333333,1.9000001,1.3333334,-10.766667,-6.1000004,-4.6666665,1.0,0.0,3.0,2.0,0.0,0.0,0,0,3,3,5,4,1.28,5.8925,10.0425,1.43,2.75,1,1,2,2,NA
16,1,O,Y,Y,Y,2,3,Bodø / Glimt,15,MIDLE_DOWN,0.50815725,3.1,2.909091,-2.4500003,-2.375,4.811905,2.5119047,2.3,-8.188095,-3.4880953,-4.7,1.0,1.0,2.0,2.0,0.0,0.0,2,2,2,1,4,4,Odd,33,TOP_TABLE,29.213512,3.2000008,3.5925922,2.375,0.46666718,9.3,5.3833337,3.9166667,-2.7,-1.6166668,-1.0833334,1.0,1.0,2.0,1.0,0.0,0.0,6,4,1,2,1,1,3.75,3.6000001,1.9333334,1.4200001,1.8699999,1,1,2,1,NA
16,1,O,Y,N,N,1,3,Sarpsborg 08,22,MIDLE_UP,13.457365,-1.7619047,3.2105265,2.520834,1.5333338,6.252381,3.5,2.752381,-5.747619,-1.5,-4.247619,0.0,1.0,1.0,3.0,0.0,0.0,3,3,3,1,1,4,Lillestrøm,17,MIDLE_DOWN,7.600225,-2.0333333,-1.6410255,0.8571434,-1.3921566,8.166667,5.0000005,3.1666667,-6.833333,-3.0000002,-3.8333335,1.0,1.0,2.0,3.0,0.0,0.0,3,1,2,3,3,3,1.73,3.835,4.705,1.6675,2.24,1,0,3,0,NA
17,1,O,Y,Y,N,2,6,Brann,27,TOP_TABLE,15.410948,0.0,3.1217384,-2.2105265,3.0500002,8.466667,5.8,2.6666667,-6.5333333,-0.2,-6.3333335,0.0,0.0,1.0,2.0,0.0,0.0,6,2,1,2,0,5,Aalesund,13,BOTTOM_TABLE,-1.8663559,3.0,-2.1999998,-1.8115944,0.9,6.4,4.366667,2.0333333,-9.6,-3.6333334,-5.9666667,1.0,1.0,3.0,2.0,0.0,0.0,2,1,3,1,3,6,1.49,4.3275,6.815,1.825,2.025,2,0,6,0,NA
17,1,O,Y,N,N,1,6,Rosenborg,37,TOP_TABLE,29.632568,-1.0,2.7619038,-0.90909004,2.6724148,11.047619,6.8809524,4.166667,-3.9523811,-1.1190476,-2.8333335,1.0,0.0,3.0,1.0,0.0,0.0,8,3,0,4,0,1,Haugesund,28,TOP_TABLE,19.728504,2.6399994,0.5,3.0476198,-2.0500002,8.938095,5.4666667,3.4714284,-7.061905,-2.5333333,-4.5285716,1.0,1.0,3.0,2.0,0.0,0.0,5,3,3,1,0,4,1.435,4.78,6.8975,1.5,2.5,1,0,6,0,NA
17,2,U,Y,N,N,1,1,Molde,25,MIDLE_UP,9.905673,-2.0,-1.4761906,-2.043478,-1.6724138,8.345238,5.3333335,3.011905,-7.654762,-2.6666667,-4.9880958,1.0,1.0,3.0,3.0,0.0,0.0,5,2,2,2,1,4,Sarpsborg 08,25,MIDLE_UP,16.684637,3.227272,-1.7619047,3.2105265,2.520834,7.252381,4.5,2.752381,-5.747619,-1.5,-4.247619,0.0,1.0,1.0,3.0,0.0,0.0,4,3,3,1,1,4,1.75,4.0225,4.38,1.57,2.35,0,1,0,1,NA
17,2,O,Y,N,Y,1,6,Start,7,BOTTOM_TABLE,-4.3646107,4.0,-2.1000004,-2.0476189,-2.142857,3.7333333,1.9000001,1.8333334,-11.266667,-6.1000004,-5.1666665,1.0,0.0,3.0,2.0,0.0,0.0,0,0,3,4,5,4,Valerenga,12,BOTTOM_TABLE,-7.063326,1.909091,-2.1217394,-2.5925927,1.0999999,4.9333334,3.5,1.4333334,-10.066667,-4.5,-5.566667,0.0,1.0,2.0,3.0,0.0,0.0,3,0,1,2,4,6,3.04,3.4625,2.3274999,1.805,2.0325,0,1,2,4,NA
17,X,O,Y,N,Y,1,4,Tromsø,17,MIDLE_DOWN,4.3375964,-2.413793,1.5,2.6410258,-1.5208333,5.666667,3.5,2.1666667,-7.3333335,-2.5,-4.833333,1.0,1.0,2.0,2.0,0.0,0.0,2,2,2,3,3,4,Stabæk,14,BOTTOM_TABLE,-3.9110413,2.0,3.0333338,-2.3333335,3.142857,5.7499995,2.8333335,2.9166667,-10.249999,-5.166667,-5.0833335,1.0,0.0,2.0,3.0,0.0,0.0,2,2,1,1,5,5,2.0333335,3.5333335,3.5,1.9266667,1.91,0,1,2,2,NA
17,X,O,Y,N,Y,1,4,Sogndal,22,MIDLE_UP,12.040223,0.090909004,2.4761906,3.333333,1.1428571,6.704762,4.071429,2.6333332,-6.295238,-2.9285715,-3.3666668,1.0,0.0,2.0,1.0,0.0,0.0,3,2,4,3,1,3,Bodø / Glimt,18,MIDLE_DOWN,4.0414906,3.5333333,3.1,2.909091,-2.4500003,5.4785714,3.1785715,2.3,-8.521428,-3.8214285,-4.7,1.0,1.0,2.0,2.0,0.0,0.0,3,2,2,1,4,4,1.77,3.78,4.4725,1.7175,2.15,0,1,2,2,NA
17,X,O,Y,N,Y,1,4,Odd,33,TOP_TABLE,26.68018,-2.5333328,3.2000008,3.5925922,2.375,9.633333,5.3833337,4.25,-3.3666668,-1.6166668,-1.75,1.0,1.0,2.0,1.0,0.0,0.0,6,4,1,2,1,2,Viking,26,MIDLE_UP,10.041422,-1.6400003,-2.0,3.043478,3.4499998,7.133333,2.6,4.5333333,-6.8666673,-3.4,-3.4666667,0.0,1.0,1.0,2.0,0.0,0.0,3,5,2,0,3,3,1.6133333,3.8499997,5.5,1.83,2.0133333,0,1,2,2,NA
17,1,U,Y,N,N,1,2,Lillestrøm,17,MIDLE_DOWN,5.3729525,-2.2272725,-2.0333333,-1.6410255,0.8571434,8.166667,5.0000005,3.1666667,-7.833333,-3.0000002,-4.8333335,1.0,1.0,2.0,3.0,0.0,0.0,3,1,2,3,3,4,Strømsgodset,32,TOP_TABLE,22.329147,3.4137936,3.0,2.811595,-1.375,10.35,7.1833334,3.1666667,-5.65,-1.8166667,-3.8333335,1.0,1.0,3.0,2.0,0.0,0.0,8,2,1,1,0,4,3.8575,3.7575,1.905,1.44,1.8299999,1,0,2,0,NA
